5568
1709 1642 0
1709 1643 0
1710 1640 0
1710 1641 0
1710 1642 0
1710 1643 0
1710 1644 0
1710 1645 0
1710 1646 0
1710 1647 0
1710 1648 0
1711 1639 0
1711 1640 0
1711 1641 0
1711 1642 0
1711 1643 0
1711 1644 0
1711 1645 0
1711 1646 0
1711 1647 0
1711 1648 0
1711 1649 0
1711 1650 0
1711 1651 0
1711 1652 0
1711 1653 0
1712 1638 0
1712 1639 0
1712 1640 0
1712 1641 0
1712 1642 0
1712 1643 0
1712 1644 0
1712 1645 0
1712 1646 0
1712 1647 0
1712 1648 0
1712 1649 0
1712 1650 0
1712 1651 0
1712 1652 0
1712 1653 0
1712 1654 0
1712 1655 0
1712 1656 0
1713 1637 0
1713 1638 0
1713 1639 0
1713 1640 0
1713 1641 0
1713 1642 0
1713 1643 0
1713 1644 0
1713 1645 0
1713 1646 0
1713 1647 0
1713 1648 0
1713 1649 0
1713 1650 0
1713 1651 0
1713 1652 0
1713 1653 0
1713 1654 0
1713 1655 0
1713 1656 0
1713 1657 0
1714 1637 0
1714 1638 0
1714 1639 0
1714 1640 0
1714 1641 0
1714 1642 0
1714 1643 0
1714 1644 0
1714 1645 0
1714 1646 0
1714 1647 0
1714 1648 0
1714 1649 0
1714 1650 0
1714 1651 0
1714 1652 0
1714 1653 0
1714 1654 0
1714 1655 0
1714 1656 0
1714 1657 0
1714 1658 0
1714 1659 0
1715 1637 0
1715 1638 0
1715 1639 0
1715 1640 0
1715 1641 0
1715 1642 0
1715 1643 0
1715 1644 0
1715 1645 0
1715 1646 0
1715 1647 0
1715 1648 0
1715 1649 0
1715 1650 0
1715 1651 0
1715 1652 0
1715 1653 0
1715 1654 0
1715 1655 0
1715 1656 0
1715 1657 0
1715 1658 0
1715 1659 0
1715 1660 0
1716 1638 0
1716 1639 0
1716 1640 0
1716 1641 0
1716 1642 0
1716 1643 0
1716 1644 0
1716 1645 0
1716 1646 0
1716 1647 0
1716 1648 0
1716 1649 0
1716 1650 0
1716 1651 0
1716 1652 0
1716 1653 0
1716 1654 0
1716 1655 0
1716 1656 0
1716 1657 0
1716 1658 0
1716 1659 0
1716 1660 0
1717 1638 0
1717 1639 0
1717 1640 0
1717 1641 0
1717 1642 0
1717 1643 0
1717 1644 0
1717 1645 0
1717 1646 0
1717 1647 0
1717 1648 0
1717 1649 0
1717 1650 0
1717 1651 0
1717 1652 0
1717 1653 0
1717 1654 0
1717 1655 0
1717 1656 0
1717 1657 0
1717 1658 0
1717 1659 0
1717 1660 0
1717 1661 0
1718 1639 0
1718 1640 0
1718 1641 0
1718 1642 0
1718 1643 0
1718 1644 0
1718 1645 0
1718 1646 0
1718 1647 0
1718 1648 0
1718 1649 0
1718 1650 0
1718 1651 0
1718 1652 0
1718 1653 0
1718 1654 0
1718 1655 0
1718 1656 0
1718 1657 0
1718 1658 0
1718 1659 0
1718 1660 0
1718 1661 0
1719 1640 0
1719 1641 0
1719 1642 0
1719 1643 0
1719 1644 0
1719 1645 0
1719 1646 0
1719 1647 0
1719 1648 0
1719 1649 0
1719 1651 0
1719 1652 0
1719 1653 0
1719 1654 0
1719 1655 0
1719 1656 0
1719 1657 0
1719 1658 0
1719 1659 0
1719 1660 0
1720 1641 0
1720 1642 0
1720 1643 0
1720 1644 0
1720 1645 0
1720 1646 0
1720 1647 0
1720 1648 0
1720 1649 0
1720 1650 0
1720 1653 0
1720 1654 0
1720 1655 0
1720 1656 0
1720 1657 0
1720 1658 0
1720 1659 0
1720 1660 0
1721 1641 0
1721 1642 0
1721 1643 0
1721 1644 0
1721 1645 0
1721 1646 0
1721 1647 0
1721 1648 0
1721 1649 0
1721 1650 0
1721 1653 0
1721 1654 0
1721 1655 0
1721 1656 0
1721 1657 0
1721 1658 0
1721 1659 0
1721 1660 0
1722 1642 0
1722 1643 0
1722 1644 0
1722 1645 0
1722 1646 0
1722 1647 0
1722 1648 0
1722 1649 0
1722 1650 0
1722 1651 0
1722 1653 0
1722 1654 0
1722 1655 0
1722 1656 0
1722 1657 0
1722 1658 0
1722 1659 0
1722 1660 0
1723 1643 0
1723 1644 0
1723 1645 0
1723 1646 0
1723 1647 0
1723 1648 0
1723 1649 0
1723 1650 0
1723 1651 0
1723 1652 0
1723 1653 0
1723 1654 0
1723 1655 0
1723 1656 0
1723 1657 0
1723 1658 0
1723 1659 0
1723 1660 0
1724 1643 0
1724 1644 0
1724 1645 0
1724 1646 0
1724 1647 0
1724 1648 0
1724 1649 0
1724 1650 0
1724 1651 0
1724 1652 0
1724 1653 0
1724 1654 0
1724 1655 0
1724 1656 0
1724 1657 0
1724 1658 0
1724 1659 0
1724 1660 0
1725 1644 0
1725 1645 0
1725 1646 0
1725 1647 0
1725 1648 0
1725 1649 0
1725 1650 0
1725 1651 0
1725 1652 0
1725 1653 0
1725 1654 0
1725 1655 0
1725 1656 0
1725 1657 0
1725 1658 0
1725 1659 0
1725 1660 0
1726 1645 0
1726 1646 0
1726 1647 0
1726 1648 0
1726 1649 0
1726 1650 0
1726 1651 0
1726 1652 0
1726 1653 0
1726 1654 0
1726 1655 0
1726 1656 0
1726 1657 0
1726 1658 0
1726 1659 0
1726 1660 0
1727 1645 0
1727 1646 0
1727 1647 0
1727 1648 0
1727 1649 0
1727 1650 0
1727 1651 0
1727 1652 0
1727 1653 0
1727 1654 0
1727 1655 0
1727 1656 0
1727 1657 0
1727 1658 0
1727 1659 0
1727 1660 0
1727 1797 0
1727 1798 0
1727 1799 0
1727 1800 0
1728 1646 0
1728 1647 0
1728 1648 0
1728 1649 0
1728 1650 0
1728 1651 0
1728 1652 0
1728 1653 0
1728 1654 0
1728 1655 0
1728 1656 0
1728 1657 0
1728 1658 0
1728 1659 0
1728 1660 0
1728 1796 0
1728 1797 0
1728 1798 0
1728 1799 0
1728 1800 0
1728 1801 0
1729 1646 0
1729 1647 0
1729 1648 0
1729 1649 0
1729 1650 0
1729 1651 0
1729 1652 0
1729 1653 0
1729 1654 0
1729 1655 0
1729 1656 0
1729 1657 0
1729 1658 0
1729 1659 0
1729 1660 0
1729 1795 0
1729 1796 0
1729 1797 0
1729 1798 0
1729 1799 0
1729 1800 0
1729 1801 0
1729 1802 0
1730 1647 0
1730 1648 0
1730 1649 0
1730 1650 0
1730 1651 0
1730 1652 0
1730 1653 0
1730 1654 0
1730 1655 0
1730 1656 0
1730 1657 0
1730 1658 0
1730 1659 0
1730 1795 0
1730 1796 0
1730 1797 0
1730 1798 0
1730 1799 0
1730 1800 0
1730 1801 0
1730 1802 0
1731 1647 0
1731 1648 0
1731 1649 0
1731 1650 0
1731 1651 0
1731 1652 0
1731 1653 0
1731 1654 0
1731 1655 0
1731 1656 0
1731 1657 0
1731 1658 0
1731 1659 0
1731 1795 0
1731 1796 0
1731 1797 0
1731 1798 0
1731 1799 0
1731 1800 0
1731 1801 0
1731 1802 0
1732 1648 0
1732 1649 0
1732 1650 0
1732 1651 0
1732 1652 0
1732 1653 0
1732 1654 0
1732 1655 0
1732 1656 0
1732 1657 0
1732 1658 0
1732 1659 0
1732 1795 0
1732 1796 0
1732 1797 0
1732 1798 0
1732 1799 0
1732 1800 0
1732 1801 0
1732 1802 0
1733 1648 0
1733 1649 0
1733 1650 0
1733 1651 0
1733 1652 0
1733 1653 0
1733 1654 0
1733 1655 0
1733 1656 0
1733 1657 0
1733 1658 0
1733 1659 0
1733 1702 0
1733 1703 0
1733 1795 0
1733 1796 0
1733 1797 0
1733 1798 0
1733 1799 0
1733 1800 0
1733 1801 0
1733 1802 0
1733 1803 0
1734 1648 0
1734 1649 0
1734 1650 0
1734 1651 0
1734 1652 0
1734 1653 0
1734 1654 0
1734 1655 0
1734 1656 0
1734 1657 0
1734 1658 0
1734 1659 0
1734 1699 0
1734 1700 0
1734 1701 0
1734 1702 0
1734 1703 0
1734 1704 0
1734 1705 0
1734 1795 0
1734 1796 0
1734 1797 0
1734 1798 0
1734 1799 0
1734 1800 0
1734 1801 0
1734 1802 0
1734 1803 0
1735 1649 0
1735 1650 0
1735 1651 0
1735 1652 0
1735 1653 0
1735 1654 0
1735 1655 0
1735 1656 0
1735 1657 0
1735 1658 0
1735 1659 0
1735 1689 0
1735 1690 0
1735 1691 0
1735 1692 0
1735 1693 0
1735 1694 0
1735 1695 0
1735 1696 0
1735 1697 0
1735 1698 0
1735 1699 0
1735 1700 0
1735 1701 0
1735 1702 0
1735 1703 0
1735 1704 0
1735 1705 0
1735 1706 0
1735 1795 0
1735 1796 0
1735 1797 0
1735 1798 0
1735 1799 0
1735 1800 0
1735 1801 0
1735 1802 0
1735 1803 0
1736 1649 0
1736 1650 0
1736 1651 0
1736 1652 0
1736 1653 0
1736 1654 0
1736 1655 0
1736 1656 0
1736 1657 0
1736 1658 0
1736 1659 0
1736 1687 0
1736 1688 0
1736 1689 0
1736 1690 0
1736 1691 0
1736 1692 0
1736 1693 0
1736 1694 0
1736 1695 0
1736 1696 0
1736 1697 0
1736 1698 0
1736 1699 0
1736 1700 0
1736 1701 0
1736 1702 0
1736 1703 0
1736 1704 0
1736 1705 0
1736 1706 0
1736 1707 0
1736 1795 0
1736 1796 0
1736 1797 0
1736 1798 0
1736 1799 0
1736 1800 0
1736 1801 0
1736 1802 0
1736 1803 0
1737 1649 0
1737 1650 0
1737 1651 0
1737 1652 0
1737 1653 0
1737 1654 0
1737 1655 0
1737 1656 0
1737 1657 0
1737 1658 0
1737 1659 0
1737 1687 0
1737 1688 0
1737 1689 0
1737 1690 0
1737 1691 0
1737 1692 0
1737 1693 0
1737 1694 0
1737 1695 0
1737 1696 0
1737 1697 0
1737 1698 0
1737 1699 0
1737 1700 0
1737 1701 0
1737 1702 0
1737 1703 0
1737 1704 0
1737 1705 0
1737 1706 0
1737 1707 0
1737 1796 0
1737 1797 0
1737 1798 0
1737 1799 0
1737 1800 0
1737 1801 0
1737 1802 0
1737 1803 0
1738 1649 0
1738 1650 0
1738 1651 0
1738 1652 0
1738 1653 0
1738 1654 0
1738 1655 0
1738 1656 0
1738 1657 0
1738 1658 0
1738 1659 0
1738 1686 0
1738 1687 0
1738 1688 0
1738 1689 0
1738 1690 0
1738 1691 0
1738 1692 0
1738 1693 0
1738 1694 0
1738 1695 0
1738 1696 0
1738 1697 0
1738 1698 0
1738 1699 0
1738 1700 0
1738 1701 0
1738 1702 0
1738 1703 0
1738 1704 0
1738 1705 0
1738 1706 0
1738 1707 0
1738 1708 0
1738 1796 0
1738 1797 0
1738 1798 0
1738 1799 0
1738 1800 0
1738 1801 0
1738 1802 0
1738 1803 0
1739 1649 0
1739 1650 0
1739 1651 0
1739 1652 0
1739 1653 0
1739 1654 0
1739 1655 0
1739 1656 0
1739 1657 0
1739 1658 0
1739 1659 0
1739 1686 0
1739 1687 0
1739 1688 0
1739 1689 0
1739 1690 0
1739 1691 0
1739 1692 0
1739 1693 0
1739 1694 0
1739 1695 0
1739 1696 0
1739 1697 0
1739 1698 0
1739 1699 0
1739 1700 0
1739 1701 0
1739 1702 0
1739 1703 0
1739 1704 0
1739 1705 0
1739 1706 0
1739 1707 0
1739 1708 0
1739 1796 0
1739 1797 0
1739 1798 0
1739 1799 0
1739 1800 0
1739 1801 0
1739 1802 0
1739 1803 0
1740 1649 0
1740 1650 0
1740 1651 0
1740 1652 0
1740 1653 0
1740 1654 0
1740 1655 0
1740 1656 0
1740 1657 0
1740 1658 0
1740 1659 0
1740 1686 0
1740 1687 0
1740 1688 0
1740 1689 0
1740 1690 0
1740 1691 0
1740 1692 0
1740 1693 0
1740 1694 0
1740 1695 0
1740 1696 0
1740 1697 0
1740 1698 0
1740 1699 0
1740 1700 0
1740 1701 0
1740 1702 0
1740 1703 0
1740 1704 0
1740 1705 0
1740 1706 0
1740 1707 0
1740 1708 0
1740 1796 0
1740 1797 0
1740 1798 0
1740 1799 0
1740 1800 0
1740 1801 0
1740 1802 0
1740 1803 0
1741 1649 0
1741 1650 0
1741 1651 0
1741 1652 0
1741 1653 0
1741 1654 0
1741 1655 0
1741 1656 0
1741 1657 0
1741 1658 0
1741 1659 0
1741 1687 0
1741 1688 0
1741 1689 0
1741 1690 0
1741 1691 0
1741 1692 0
1741 1693 0
1741 1694 0
1741 1695 0
1741 1696 0
1741 1697 0
1741 1698 0
1741 1699 0
1741 1700 0
1741 1701 0
1741 1702 0
1741 1703 0
1741 1704 0
1741 1705 0
1741 1706 0
1741 1707 0
1741 1708 0
1741 1709 0
1741 1796 0
1741 1797 0
1741 1798 0
1741 1799 0
1741 1800 0
1741 1801 0
1741 1802 0
1741 1803 0
1742 1650 0
1742 1651 0
1742 1652 0
1742 1653 0
1742 1654 0
1742 1655 0
1742 1656 0
1742 1657 0
1742 1658 0
1742 1687 0
1742 1688 0
1742 1689 0
1742 1690 0
1742 1691 0
1742 1692 0
1742 1693 0
1742 1694 0
1742 1695 0
1742 1696 0
1742 1697 0
1742 1698 0
1742 1699 0
1742 1700 0
1742 1701 0
1742 1702 0
1742 1703 0
1742 1704 0
1742 1705 0
1742 1706 0
1742 1707 0
1742 1708 0
1742 1709 0
1742 1796 0
1742 1797 0
1742 1798 0
1742 1799 0
1742 1800 0
1742 1801 0
1742 1802 0
1742 1803 0
1743 1650 0
1743 1651 0
1743 1652 0
1743 1653 0
1743 1654 0
1743 1655 0
1743 1656 0
1743 1657 0
1743 1658 0
1743 1695 0
1743 1696 0
1743 1697 0
1743 1698 0
1743 1699 0
1743 1700 0
1743 1701 0
1743 1702 0
1743 1703 0
1743 1704 0
1743 1705 0
1743 1706 0
1743 1707 0
1743 1708 0
1743 1709 0
1743 1710 0
1743 1796 0
1743 1797 0
1743 1798 0
1743 1799 0
1743 1800 0
1743 1801 0
1743 1802 0
1743 1803 0
1744 1650 0
1744 1651 0
1744 1652 0
1744 1653 0
1744 1654 0
1744 1655 0
1744 1656 0
1744 1657 0
1744 1658 0
1744 1696 0
1744 1697 0
1744 1698 0
1744 1699 0
1744 1700 0
1744 1701 0
1744 1702 0
1744 1703 0
1744 1704 0
1744 1705 0
1744 1706 0
1744 1707 0
1744 1708 0
1744 1709 0
1744 1710 0
1744 1796 0
1744 1797 0
1744 1798 0
1744 1799 0
1744 1800 0
1744 1801 0
1744 1802 0
1744 1803 0
1745 1650 0
1745 1651 0
1745 1652 0
1745 1653 0
1745 1654 0
1745 1655 0
1745 1656 0
1745 1657 0
1745 1658 0
1745 1696 0
1745 1697 0
1745 1698 0
1745 1699 0
1745 1700 0
1745 1701 0
1745 1702 0
1745 1703 0
1745 1704 0
1745 1705 0
1745 1706 0
1745 1707 0
1745 1708 0
1745 1709 0
1745 1710 0
1745 1711 0
1745 1796 0
1745 1797 0
1745 1798 0
1745 1799 0
1745 1800 0
1745 1801 0
1745 1802 0
1745 1803 0
1746 1650 0
1746 1651 0
1746 1652 0
1746 1653 0
1746 1654 0
1746 1655 0
1746 1656 0
1746 1657 0
1746 1658 0
1746 1696 0
1746 1697 0
1746 1698 0
1746 1699 0
1746 1700 0
1746 1701 0
1746 1702 0
1746 1703 0
1746 1704 0
1746 1705 0
1746 1706 0
1746 1707 0
1746 1708 0
1746 1709 0
1746 1710 0
1746 1711 0
1746 1796 0
1746 1797 0
1746 1798 0
1746 1799 0
1746 1800 0
1746 1801 0
1746 1802 0
1746 1803 0
1747 1650 0
1747 1651 0
1747 1652 0
1747 1653 0
1747 1654 0
1747 1655 0
1747 1656 0
1747 1657 0
1747 1658 0
1747 1697 0
1747 1698 0
1747 1699 0
1747 1700 0
1747 1701 0
1747 1702 0
1747 1703 0
1747 1704 0
1747 1705 0
1747 1706 0
1747 1707 0
1747 1708 0
1747 1709 0
1747 1710 0
1747 1711 0
1747 1796 0
1747 1797 0
1747 1798 0
1747 1799 0
1747 1800 0
1747 1801 0
1747 1802 0
1747 1803 0
1748 1650 0
1748 1651 0
1748 1652 0
1748 1653 0
1748 1654 0
1748 1655 0
1748 1656 0
1748 1657 0
1748 1658 0
1748 1697 0
1748 1698 0
1748 1699 0
1748 1700 0
1748 1701 0
1748 1702 0
1748 1703 0
1748 1704 0
1748 1705 0
1748 1706 0
1748 1707 0
1748 1708 0
1748 1709 0
1748 1710 0
1748 1711 0
1748 1796 0
1748 1797 0
1748 1798 0
1748 1799 0
1748 1800 0
1748 1801 0
1748 1802 0
1748 1803 0
1749 1650 0
1749 1651 0
1749 1652 0
1749 1653 0
1749 1654 0
1749 1655 0
1749 1656 0
1749 1657 0
1749 1658 0
1749 1698 0
1749 1699 0
1749 1700 0
1749 1701 0
1749 1702 0
1749 1703 0
1749 1704 0
1749 1705 0
1749 1706 0
1749 1707 0
1749 1708 0
1749 1709 0
1749 1710 0
1749 1711 0
1749 1796 0
1749 1797 0
1749 1798 0
1749 1799 0
1749 1800 0
1749 1801 0
1749 1802 0
1749 1803 0
1750 1650 0
1750 1651 0
1750 1652 0
1750 1653 0
1750 1654 0
1750 1655 0
1750 1656 0
1750 1657 0
1750 1658 0
1750 1698 0
1750 1699 0
1750 1700 0
1750 1701 0
1750 1702 0
1750 1703 0
1750 1704 0
1750 1705 0
1750 1706 0
1750 1707 0
1750 1708 0
1750 1709 0
1750 1710 0
1750 1711 0
1750 1796 0
1750 1797 0
1750 1798 0
1750 1799 0
1750 1800 0
1750 1801 0
1750 1802 0
1750 1803 0
1751 1650 0
1751 1651 0
1751 1652 0
1751 1653 0
1751 1654 0
1751 1655 0
1751 1656 0
1751 1657 0
1751 1658 0
1751 1698 0
1751 1699 0
1751 1700 0
1751 1701 0
1751 1702 0
1751 1703 0
1751 1704 0
1751 1705 0
1751 1706 0
1751 1707 0
1751 1708 0
1751 1709 0
1751 1710 0
1751 1711 0
1751 1796 0
1751 1797 0
1751 1798 0
1751 1799 0
1751 1800 0
1751 1801 0
1751 1802 0
1751 1803 0
1752 1650 0
1752 1651 0
1752 1652 0
1752 1653 0
1752 1654 0
1752 1655 0
1752 1656 0
1752 1657 0
1752 1658 0
1752 1659 0
1752 1699 0
1752 1700 0
1752 1701 0
1752 1702 0
1752 1703 0
1752 1704 0
1752 1705 0
1752 1706 0
1752 1707 0
1752 1708 0
1752 1709 0
1752 1710 0
1752 1711 0
1752 1796 0
1752 1797 0
1752 1798 0
1752 1799 0
1752 1800 0
1752 1801 0
1752 1802 0
1752 1803 0
1753 1650 0
1753 1651 0
1753 1652 0
1753 1653 0
1753 1654 0
1753 1655 0
1753 1656 0
1753 1657 0
1753 1658 0
1753 1659 0
1753 1699 0
1753 1700 0
1753 1701 0
1753 1702 0
1753 1703 0
1753 1704 0
1753 1705 0
1753 1706 0
1753 1707 0
1753 1708 0
1753 1709 0
1753 1710 0
1753 1711 0
1753 1796 0
1753 1797 0
1753 1798 0
1753 1799 0
1753 1800 0
1753 1801 0
1753 1802 0
1753 1803 0
1754 1650 0
1754 1651 0
1754 1652 0
1754 1653 0
1754 1654 0
1754 1655 0
1754 1656 0
1754 1657 0
1754 1658 0
1754 1659 0
1754 1699 0
1754 1700 0
1754 1701 0
1754 1702 0
1754 1703 0
1754 1704 0
1754 1705 0
1754 1706 0
1754 1707 0
1754 1708 0
1754 1709 0
1754 1710 0
1754 1711 0
1754 1796 0
1754 1797 0
1754 1798 0
1754 1799 0
1754 1800 0
1754 1801 0
1754 1802 0
1754 1803 0
1755 1651 0
1755 1652 0
1755 1653 0
1755 1654 0
1755 1655 0
1755 1656 0
1755 1657 0
1755 1658 0
1755 1659 0
1755 1660 0
1755 1700 0
1755 1701 0
1755 1702 0
1755 1703 0
1755 1704 0
1755 1705 0
1755 1706 0
1755 1707 0
1755 1708 0
1755 1709 0
1755 1710 0
1755 1711 0
1755 1796 0
1755 1797 0
1755 1798 0
1755 1799 0
1755 1800 0
1755 1801 0
1755 1802 0
1755 1803 0
1756 1651 0
1756 1652 0
1756 1653 0
1756 1654 0
1756 1655 0
1756 1656 0
1756 1657 0
1756 1658 0
1756 1659 0
1756 1660 0
1756 1661 0
1756 1700 0
1756 1701 0
1756 1702 0
1756 1703 0
1756 1704 0
1756 1705 0
1756 1706 0
1756 1707 0
1756 1708 0
1756 1709 0
1756 1710 0
1756 1711 0
1756 1796 0
1756 1797 0
1756 1798 0
1756 1799 0
1756 1800 0
1756 1801 0
1756 1802 0
1756 1803 0
1757 1652 0
1757 1653 0
1757 1654 0
1757 1655 0
1757 1656 0
1757 1657 0
1757 1658 0
1757 1659 0
1757 1660 0
1757 1661 0
1757 1662 0
1757 1700 0
1757 1701 0
1757 1702 0
1757 1703 0
1757 1704 0
1757 1705 0
1757 1706 0
1757 1707 0
1757 1708 0
1757 1709 0
1757 1710 0
1757 1796 0
1757 1797 0
1757 1798 0
1757 1799 0
1757 1800 0
1757 1801 0
1757 1802 0
1757 1803 0
1758 1653 0
1758 1654 0
1758 1655 0
1758 1656 0
1758 1657 0
1758 1658 0
1758 1659 0
1758 1660 0
1758 1661 0
1758 1662 0
1758 1663 0
1758 1700 0
1758 1701 0
1758 1702 0
1758 1703 0
1758 1704 0
1758 1705 0
1758 1706 0
1758 1707 0
1758 1708 0
1758 1709 0
1758 1710 0
1758 1796 0
1758 1797 0
1758 1798 0
1758 1799 0
1758 1800 0
1758 1801 0
1758 1802 0
1758 1803 0
1759 1654 0
1759 1655 0
1759 1656 0
1759 1657 0
1759 1658 0
1759 1659 0
1759 1660 0
1759 1661 0
1759 1662 0
1759 1663 0
1759 1664 0
1759 1700 0
1759 1701 0
1759 1702 0
1759 1703 0
1759 1704 0
1759 1705 0
1759 1706 0
1759 1707 0
1759 1708 0
1759 1709 0
1759 1710 0
1759 1796 0
1759 1797 0
1759 1798 0
1759 1799 0
1759 1800 0
1759 1801 0
1759 1802 0
1759 1803 0
1760 1654 0
1760 1655 0
1760 1656 0
1760 1657 0
1760 1658 0
1760 1659 0
1760 1660 0
1760 1661 0
1760 1662 0
1760 1663 0
1760 1664 0
1760 1665 0
1760 1666 0
1760 1700 0
1760 1701 0
1760 1702 0
1760 1703 0
1760 1704 0
1760 1705 0
1760 1706 0
1760 1707 0
1760 1708 0
1760 1709 0
1760 1710 0
1760 1796 0
1760 1797 0
1760 1798 0
1760 1799 0
1760 1800 0
1760 1801 0
1760 1802 0
1760 1803 0
1761 1655 0
1761 1656 0
1761 1657 0
1761 1658 0
1761 1659 0
1761 1660 0
1761 1661 0
1761 1662 0
1761 1663 0
1761 1664 0
1761 1665 0
1761 1666 0
1761 1667 0
1761 1700 0
1761 1701 0
1761 1702 0
1761 1703 0
1761 1704 0
1761 1705 0
1761 1706 0
1761 1707 0
1761 1708 0
1761 1709 0
1761 1710 0
1761 1796 0
1761 1797 0
1761 1798 0
1761 1799 0
1761 1800 0
1761 1801 0
1761 1802 0
1761 1803 0
1762 1655 0
1762 1656 0
1762 1657 0
1762 1658 0
1762 1659 0
1762 1660 0
1762 1661 0
1762 1662 0
1762 1663 0
1762 1664 0
1762 1665 0
1762 1666 0
1762 1667 0
1762 1668 0
1762 1700 0
1762 1701 0
1762 1702 0
1762 1703 0
1762 1704 0
1762 1705 0
1762 1706 0
1762 1707 0
1762 1708 0
1762 1709 0
1762 1710 0
1762 1795 0
1762 1796 0
1762 1797 0
1762 1798 0
1762 1799 0
1762 1800 0
1762 1801 0
1762 1802 0
1762 1803 0
1763 1656 0
1763 1657 0
1763 1658 0
1763 1659 0
1763 1660 0
1763 1661 0
1763 1662 0
1763 1663 0
1763 1664 0
1763 1665 0
1763 1666 0
1763 1667 0
1763 1668 0
1763 1669 0
1763 1670 0
1763 1700 0
1763 1701 0
1763 1702 0
1763 1703 0
1763 1704 0
1763 1705 0
1763 1706 0
1763 1707 0
1763 1708 0
1763 1709 0
1763 1710 0
1763 1711 0
1763 1712 0
1763 1713 0
1763 1714 0
1763 1795 0
1763 1796 0
1763 1797 0
1763 1798 0
1763 1799 0
1763 1800 0
1763 1801 0
1763 1802 0
1763 1803 0
1764 1656 0
1764 1657 0
1764 1658 0
1764 1659 0
1764 1660 0
1764 1661 0
1764 1662 0
1764 1663 0
1764 1664 0
1764 1665 0
1764 1666 0
1764 1667 0
1764 1668 0
1764 1669 0
1764 1670 0
1764 1671 0
1764 1686 0
1764 1687 0
1764 1688 0
1764 1689 0
1764 1699 0
1764 1700 0
1764 1701 0
1764 1702 0
1764 1703 0
1764 1704 0
1764 1705 0
1764 1706 0
1764 1707 0
1764 1708 0
1764 1709 0
1764 1710 0
1764 1711 0
1764 1712 0
1764 1713 0
1764 1714 0
1764 1715 0
1764 1716 0
1764 1717 0
1764 1718 0
1764 1719 0
1764 1720 0
1764 1721 0
1764 1722 0
1764 1723 0
1764 1724 0
1764 1725 0
1764 1726 0
1764 1727 0
1764 1728 0
1764 1729 0
1764 1730 0
1764 1731 0
1764 1732 0
1764 1733 0
1764 1734 0
1764 1735 0
1764 1736 0
1764 1737 0
1764 1738 0
1764 1739 0
1764 1740 0
1764 1795 0
1764 1796 0
1764 1797 0
1764 1798 0
1764 1799 0
1764 1800 0
1764 1801 0
1764 1802 0
1764 1803 0
1765 1657 0
1765 1658 0
1765 1659 0
1765 1660 0
1765 1661 0
1765 1662 0
1765 1663 0
1765 1664 0
1765 1665 0
1765 1666 0
1765 1667 0
1765 1668 0
1765 1669 0
1765 1670 0
1765 1671 0
1765 1672 0
1765 1673 0
1765 1683 0
1765 1684 0
1765 1685 0
1765 1686 0
1765 1687 0
1765 1688 0
1765 1689 0
1765 1690 0
1765 1691 0
1765 1692 0
1765 1693 0
1765 1694 0
1765 1695 0
1765 1699 0
1765 1700 0
1765 1701 0
1765 1702 0
1765 1703 0
1765 1704 0
1765 1705 0
1765 1706 0
1765 1707 0
1765 1708 0
1765 1709 0
1765 1710 0
1765 1711 0
1765 1712 0
1765 1713 0
1765 1714 0
1765 1715 0
1765 1716 0
1765 1717 0
1765 1718 0
1765 1719 0
1765 1720 0
1765 1721 0
1765 1722 0
1765 1723 0
1765 1724 0
1765 1725 0
1765 1726 0
1765 1727 0
1765 1728 0
1765 1729 0
1765 1730 0
1765 1731 0
1765 1732 0
1765 1733 0
1765 1734 0
1765 1735 0
1765 1736 0
1765 1737 0
1765 1738 0
1765 1739 0
1765 1740 0
1765 1741 0
1765 1742 0
1765 1743 0
1765 1744 0
1765 1745 0
1765 1746 0
1765 1747 0
1765 1748 0
1765 1749 0
1765 1750 0
1765 1751 0
1765 1752 0
1765 1753 0
1765 1754 0
1765 1755 0
1765 1756 0
1765 1757 0
1765 1758 0
1765 1759 0
1765 1760 0
1765 1761 0
1765 1762 0
1765 1763 0
1765 1764 0
1765 1765 0
1765 1766 0
1765 1767 0
1765 1768 0
1765 1769 0
1765 1770 0
1765 1771 0
1765 1778 0
1765 1779 0
1765 1780 0
1765 1781 0
1765 1790 0
1765 1791 0
1765 1792 0
1765 1793 0
1765 1794 0
1765 1795 0
1765 1796 0
1765 1797 0
1765 1798 0
1765 1799 0
1765 1800 0
1765 1801 0
1765 1802 0
1765 1803 0
1766 1657 0
1766 1658 0
1766 1659 0
1766 1660 0
1766 1661 0
1766 1662 0
1766 1663 0
1766 1664 0
1766 1665 0
1766 1666 0
1766 1667 0
1766 1668 0
1766 1669 0
1766 1670 0
1766 1671 0
1766 1672 0
1766 1673 0
1766 1674 0
1766 1682 0
1766 1683 0
1766 1684 0
1766 1685 0
1766 1686 0
1766 1687 0
1766 1688 0
1766 1689 0
1766 1690 0
1766 1691 0
1766 1692 0
1766 1693 0
1766 1694 0
1766 1695 0
1766 1696 0
1766 1697 0
1766 1698 0
1766 1699 0
1766 1700 0
1766 1701 0
1766 1702 0
1766 1703 0
1766 1704 0
1766 1705 0
1766 1706 0
1766 1707 0
1766 1708 0
1766 1709 0
1766 1710 0
1766 1711 0
1766 1712 0
1766 1713 0
1766 1714 0
1766 1715 0
1766 1716 0
1766 1717 0
1766 1718 0
1766 1719 0
1766 1720 0
1766 1721 0
1766 1722 0
1766 1723 0
1766 1724 0
1766 1725 0
1766 1726 0
1766 1727 0
1766 1728 0
1766 1729 0
1766 1730 0
1766 1731 0
1766 1732 0
1766 1733 0
1766 1734 0
1766 1735 0
1766 1736 0
1766 1737 0
1766 1738 0
1766 1739 0
1766 1740 0
1766 1741 0
1766 1742 0
1766 1743 0
1766 1744 0
1766 1745 0
1766 1746 0
1766 1747 0
1766 1748 0
1766 1749 0
1766 1750 0
1766 1751 0
1766 1752 0
1766 1753 0
1766 1754 0
1766 1755 0
1766 1756 0
1766 1757 0
1766 1758 0
1766 1759 0
1766 1760 0
1766 1761 0
1766 1762 0
1766 1763 0
1766 1764 0
1766 1765 0
1766 1766 0
1766 1767 0
1766 1768 0
1766 1769 0
1766 1770 0
1766 1771 0
1766 1772 0
1766 1773 0
1766 1774 0
1766 1775 0
1766 1776 0
1766 1777 0
1766 1778 0
1766 1779 0
1766 1780 0
1766 1781 0
1766 1782 0
1766 1783 0
1766 1784 0
1766 1785 0
1766 1786 0
1766 1787 0
1766 1788 0
1766 1789 0
1766 1790 0
1766 1791 0
1766 1792 0
1766 1793 0
1766 1794 0
1766 1795 0
1766 1796 0
1766 1797 0
1766 1798 0
1766 1799 0
1766 1800 0
1766 1801 0
1766 1802 0
1767 1657 0
1767 1658 0
1767 1659 0
1767 1660 0
1767 1661 0
1767 1662 0
1767 1663 0
1767 1664 0
1767 1665 0
1767 1666 0
1767 1667 0
1767 1668 0
1767 1669 0
1767 1670 0
1767 1671 0
1767 1672 0
1767 1673 0
1767 1674 0
1767 1675 0
1767 1676 0
1767 1677 0
1767 1678 0
1767 1679 0
1767 1680 0
1767 1681 0
1767 1682 0
1767 1683 0
1767 1684 0
1767 1685 0
1767 1686 0
1767 1687 0
1767 1688 0
1767 1689 0
1767 1690 0
1767 1691 0
1767 1692 0
1767 1693 0
1767 1694 0
1767 1695 0
1767 1696 0
1767 1697 0
1767 1698 0
1767 1699 0
1767 1700 0
1767 1701 0
1767 1702 0
1767 1703 0
1767 1704 0
1767 1705 0
1767 1706 0
1767 1707 0
1767 1708 0
1767 1709 0
1767 1710 0
1767 1711 0
1767 1712 0
1767 1713 0
1767 1714 0
1767 1715 0
1767 1716 0
1767 1717 0
1767 1718 0
1767 1719 0
1767 1720 0
1767 1721 0
1767 1722 0
1767 1723 0
1767 1724 0
1767 1725 0
1767 1726 0
1767 1727 0
1767 1728 0
1767 1729 0
1767 1730 0
1767 1731 0
1767 1732 0
1767 1733 0
1767 1734 0
1767 1735 0
1767 1736 0
1767 1737 0
1767 1738 0
1767 1739 0
1767 1740 0
1767 1741 0
1767 1742 0
1767 1743 0
1767 1744 0
1767 1745 0
1767 1746 0
1767 1747 0
1767 1748 0
1767 1749 0
1767 1750 0
1767 1751 0
1767 1752 0
1767 1753 0
1767 1754 0
1767 1755 0
1767 1756 0
1767 1757 0
1767 1758 0
1767 1759 0
1767 1760 0
1767 1761 0
1767 1762 0
1767 1763 0
1767 1764 0
1767 1765 0
1767 1766 0
1767 1767 0
1767 1768 0
1767 1769 0
1767 1770 0
1767 1771 0
1767 1772 0
1767 1773 0
1767 1774 0
1767 1775 0
1767 1776 0
1767 1777 0
1767 1778 0
1767 1779 0
1767 1780 0
1767 1781 0
1767 1782 0
1767 1783 0
1767 1784 0
1767 1785 0
1767 1786 0
1767 1787 0
1767 1788 0
1767 1789 0
1767 1790 0
1767 1791 0
1767 1792 0
1767 1793 0
1767 1794 0
1767 1795 0
1767 1796 0
1767 1797 0
1767 1798 0
1767 1799 0
1767 1800 0
1767 1801 0
1767 1802 0
1768 1658 0
1768 1659 0
1768 1660 0
1768 1661 0
1768 1662 0
1768 1663 0
1768 1664 0
1768 1665 0
1768 1666 0
1768 1667 0
1768 1668 0
1768 1669 0
1768 1670 0
1768 1671 0
1768 1672 0
1768 1673 0
1768 1674 0
1768 1675 0
1768 1676 0
1768 1677 0
1768 1678 0
1768 1679 0
1768 1680 0
1768 1681 0
1768 1682 0
1768 1683 0
1768 1684 0
1768 1685 0
1768 1686 0
1768 1687 0
1768 1688 0
1768 1689 0
1768 1690 0
1768 1691 0
1768 1692 0
1768 1693 0
1768 1694 0
1768 1695 0
1768 1696 0
1768 1697 0
1768 1698 0
1768 1699 0
1768 1700 0
1768 1701 0
1768 1702 0
1768 1703 0
1768 1704 0
1768 1705 0
1768 1706 0
1768 1707 0
1768 1708 0
1768 1709 0
1768 1710 0
1768 1711 0
1768 1712 0
1768 1713 0
1768 1714 0
1768 1715 0
1768 1716 0
1768 1717 0
1768 1718 0
1768 1719 0
1768 1720 0
1768 1721 0
1768 1722 0
1768 1723 0
1768 1724 0
1768 1725 0
1768 1726 0
1768 1727 0
1768 1728 0
1768 1729 0
1768 1730 0
1768 1731 0
1768 1732 0
1768 1733 0
1768 1734 0
1768 1735 0
1768 1736 0
1768 1737 0
1768 1738 0
1768 1739 0
1768 1740 0
1768 1741 0
1768 1742 0
1768 1743 0
1768 1744 0
1768 1745 0
1768 1746 0
1768 1747 0
1768 1748 0
1768 1749 0
1768 1750 0
1768 1751 0
1768 1752 0
1768 1753 0
1768 1754 0
1768 1755 0
1768 1756 0
1768 1757 0
1768 1758 0
1768 1759 0
1768 1760 0
1768 1761 0
1768 1762 0
1768 1763 0
1768 1764 0
1768 1765 0
1768 1766 0
1768 1767 0
1768 1768 0
1768 1769 0
1768 1770 0
1768 1771 0
1768 1772 0
1768 1773 0
1768 1774 0
1768 1775 0
1768 1776 0
1768 1777 0
1768 1778 0
1768 1779 0
1768 1780 0
1768 1781 0
1768 1782 0
1768 1783 0
1768 1784 0
1768 1785 0
1768 1786 0
1768 1787 0
1768 1788 0
1768 1789 0
1768 1790 0
1768 1791 0
1768 1792 0
1768 1793 0
1768 1794 0
1768 1795 0
1768 1796 0
1768 1797 0
1768 1798 0
1768 1799 0
1768 1800 0
1768 1801 0
1768 1802 0
1769 1658 0
1769 1659 0
1769 1660 0
1769 1661 0
1769 1662 0
1769 1663 0
1769 1664 0
1769 1665 0
1769 1666 0
1769 1667 0
1769 1668 0
1769 1669 0
1769 1670 0
1769 1671 0
1769 1672 0
1769 1673 0
1769 1674 0
1769 1675 0
1769 1676 0
1769 1677 0
1769 1678 0
1769 1679 0
1769 1680 0
1769 1681 0
1769 1682 0
1769 1683 0
1769 1684 0
1769 1685 0
1769 1686 0
1769 1687 0
1769 1688 0
1769 1689 0
1769 1690 0
1769 1691 0
1769 1692 0
1769 1693 0
1769 1694 0
1769 1695 0
1769 1696 0
1769 1697 0
1769 1698 0
1769 1699 0
1769 1700 0
1769 1701 0
1769 1702 0
1769 1703 0
1769 1704 0
1769 1705 0
1769 1706 0
1769 1707 0
1769 1708 0
1769 1709 0
1769 1710 0
1769 1711 0
1769 1712 0
1769 1713 0
1769 1714 0
1769 1715 0
1769 1716 0
1769 1717 0
1769 1718 0
1769 1719 0
1769 1720 0
1769 1721 0
1769 1722 0
1769 1723 0
1769 1724 0
1769 1725 0
1769 1726 0
1769 1727 0
1769 1728 0
1769 1729 0
1769 1730 0
1769 1731 0
1769 1732 0
1769 1733 0
1769 1734 0
1769 1735 0
1769 1736 0
1769 1737 0
1769 1738 0
1769 1739 0
1769 1740 0
1769 1741 0
1769 1742 0
1769 1743 0
1769 1744 0
1769 1745 0
1769 1746 0
1769 1747 0
1769 1748 0
1769 1749 0
1769 1750 0
1769 1751 0
1769 1752 0
1769 1753 0
1769 1754 0
1769 1755 0
1769 1756 0
1769 1757 0
1769 1758 0
1769 1759 0
1769 1760 0
1769 1761 0
1769 1762 0
1769 1763 0
1769 1764 0
1769 1765 0
1769 1766 0
1769 1767 0
1769 1768 0
1769 1769 0
1769 1770 0
1769 1771 0
1769 1772 0
1769 1773 0
1769 1774 0
1769 1775 0
1769 1776 0
1769 1777 0
1769 1778 0
1769 1779 0
1769 1780 0
1769 1781 0
1769 1782 0
1769 1783 0
1769 1784 0
1769 1785 0
1769 1786 0
1769 1787 0
1769 1788 0
1769 1789 0
1769 1790 0
1769 1791 0
1769 1792 0
1769 1793 0
1769 1794 0
1769 1795 0
1769 1796 0
1769 1797 0
1769 1798 0
1769 1799 0
1769 1800 0
1769 1801 0
1769 1802 0
1770 1659 0
1770 1660 0
1770 1661 0
1770 1662 0
1770 1663 0
1770 1664 0
1770 1665 0
1770 1666 0
1770 1667 0
1770 1668 0
1770 1669 0
1770 1670 0
1770 1671 0
1770 1672 0
1770 1673 0
1770 1674 0
1770 1675 0
1770 1676 0
1770 1677 0
1770 1678 0
1770 1679 0
1770 1680 0
1770 1681 0
1770 1682 0
1770 1683 0
1770 1684 0
1770 1685 0
1770 1686 0
1770 1687 0
1770 1688 0
1770 1689 0
1770 1690 0
1770 1691 0
1770 1692 0
1770 1693 0
1770 1694 0
1770 1695 0
1770 1696 0
1770 1697 0
1770 1698 0
1770 1699 0
1770 1700 0
1770 1701 0
1770 1702 0
1770 1703 0
1770 1704 0
1770 1705 0
1770 1706 0
1770 1707 0
1770 1708 0
1770 1709 0
1770 1710 0
1770 1711 0
1770 1712 0
1770 1713 0
1770 1715 0
1770 1716 0
1770 1717 0
1770 1718 0
1770 1719 0
1770 1720 0
1770 1721 0
1770 1722 0
1770 1723 0
1770 1724 0
1770 1725 0
1770 1726 0
1770 1727 0
1770 1728 0
1770 1729 0
1770 1730 0
1770 1731 0
1770 1732 0
1770 1733 0
1770 1734 0
1770 1735 0
1770 1736 0
1770 1737 0
1770 1738 0
1770 1739 0
1770 1740 0
1770 1741 0
1770 1742 0
1770 1743 0
1770 1744 0
1770 1745 0
1770 1746 0
1770 1747 0
1770 1748 0
1770 1749 0
1770 1750 0
1770 1751 0
1770 1752 0
1770 1753 0
1770 1754 0
1770 1755 0
1770 1756 0
1770 1757 0
1770 1758 0
1770 1759 0
1770 1760 0
1770 1761 0
1770 1762 0
1770 1763 0
1770 1764 0
1770 1765 0
1770 1766 0
1770 1767 0
1770 1768 0
1770 1769 0
1770 1770 0
1770 1771 0
1770 1772 0
1770 1773 0
1770 1774 0
1770 1775 0
1770 1776 0
1770 1777 0
1770 1778 0
1770 1779 0
1770 1780 0
1770 1781 0
1770 1782 0
1770 1783 0
1770 1784 0
1770 1785 0
1770 1786 0
1770 1787 0
1770 1788 0
1770 1789 0
1770 1790 0
1770 1791 0
1770 1792 0
1770 1793 0
1770 1794 0
1770 1795 0
1770 1796 0
1770 1797 0
1770 1798 0
1770 1799 0
1770 1800 0
1770 1801 0
1770 1802 0
1771 1658 0
1771 1659 0
1771 1660 0
1771 1661 0
1771 1662 0
1771 1663 0
1771 1664 0
1771 1665 0
1771 1666 0
1771 1667 0
1771 1668 0
1771 1669 0
1771 1670 0
1771 1671 0
1771 1672 0
1771 1673 0
1771 1674 0
1771 1675 0
1771 1676 0
1771 1677 0
1771 1678 0
1771 1679 0
1771 1680 0
1771 1681 0
1771 1682 0
1771 1683 0
1771 1684 0
1771 1685 0
1771 1686 0
1771 1687 0
1771 1688 0
1771 1689 0
1771 1690 0
1771 1691 0
1771 1692 0
1771 1693 0
1771 1694 0
1771 1695 0
1771 1696 0
1771 1697 0
1771 1698 0
1771 1699 0
1771 1700 0
1771 1701 0
1771 1702 0
1771 1703 0
1771 1704 0
1771 1705 0
1771 1706 0
1771 1707 0
1771 1708 0
1771 1709 0
1771 1710 0
1771 1711 0
1771 1712 0
1771 1713 0
1771 1714 0
1771 1715 0
1771 1716 0
1771 1717 0
1771 1718 0
1771 1719 0
1771 1720 0
1771 1721 0
1771 1722 0
1771 1723 0
1771 1724 0
1771 1725 0
1771 1726 0
1771 1727 0
1771 1728 0
1771 1729 0
1771 1730 0
1771 1731 0
1771 1732 0
1771 1733 0
1771 1734 0
1771 1735 0
1771 1736 0
1771 1737 0
1771 1738 0
1771 1739 0
1771 1740 0
1771 1741 0
1771 1742 0
1771 1743 0
1771 1744 0
1771 1745 0
1771 1746 0
1771 1747 0
1771 1748 0
1771 1749 0
1771 1750 0
1771 1751 0
1771 1752 0
1771 1753 0
1771 1754 0
1771 1755 0
1771 1756 0
1771 1757 0
1771 1758 0
1771 1759 0
1771 1760 0
1771 1761 0
1771 1762 0
1771 1763 0
1771 1764 0
1771 1765 0
1771 1766 0
1771 1767 0
1771 1768 0
1771 1769 0
1771 1770 0
1771 1772 0
1771 1773 0
1771 1774 0
1771 1775 0
1771 1776 0
1771 1777 0
1771 1778 0
1771 1779 0
1771 1780 0
1771 1781 0
1771 1782 0
1771 1783 0
1771 1784 0
1771 1785 0
1771 1786 0
1771 1787 0
1771 1788 0
1771 1789 0
1771 1790 0
1771 1791 0
1771 1792 0
1771 1793 0
1771 1794 0
1771 1795 0
1771 1796 0
1771 1797 0
1771 1798 0
1771 1799 0
1771 1800 0
1771 1801 0
1772 1659 0
1772 1660 0
1772 1661 0
1772 1662 0
1772 1663 0
1772 1664 0
1772 1665 0
1772 1666 0
1772 1668 0
1772 1669 0
1772 1670 0
1772 1671 0
1772 1672 0
1772 1673 0
1772 1674 0
1772 1675 0
1772 1676 0
1772 1677 0
1772 1678 0
1772 1679 0
1772 1680 0
1772 1681 0
1772 1682 0
1772 1683 0
1772 1684 0
1772 1685 0
1772 1686 0
1772 1687 0
1772 1688 0
1772 1689 0
1772 1690 0
1772 1691 0
1772 1692 0
1772 1693 0
1772 1694 0
1772 1695 0
1772 1696 0
1772 1697 0
1772 1698 0
1772 1699 0
1772 1700 0
1772 1701 0
1772 1702 0
1772 1703 0
1772 1704 0
1772 1705 0
1772 1706 0
1772 1707 0
1772 1708 0
1772 1709 0
1772 1710 0
1772 1711 0
1772 1712 0
1772 1713 0
1772 1714 0
1772 1715 0
1772 1716 0
1772 1717 0
1772 1718 0
1772 1719 0
1772 1720 0
1772 1721 0
1772 1722 0
1772 1723 0
1772 1724 0
1772 1725 0
1772 1726 0
1772 1727 0
1772 1728 0
1772 1729 0
1772 1730 0
1772 1731 0
1772 1732 0
1772 1736 0
1772 1737 0
1772 1738 0
1772 1739 0
1772 1740 0
1772 1741 0
1772 1742 0
1772 1743 0
1772 1744 0
1772 1745 0
1772 1746 0
1772 1747 0
1772 1748 0
1772 1749 0
1772 1750 0
1772 1751 0
1772 1752 0
1772 1753 0
1772 1754 0
1772 1755 0
1772 1756 0
1772 1757 0
1772 1758 0
1772 1759 0
1772 1760 0
1772 1761 0
1772 1762 0
1772 1763 0
1772 1764 0
1772 1765 0
1772 1766 0
1772 1767 0
1772 1768 0
1772 1769 0
1772 1770 0
1772 1771 0
1772 1772 0
1772 1773 0
1772 1774 0
1772 1775 0
1772 1776 0
1772 1777 0
1772 1778 0
1772 1779 0
1772 1780 0
1772 1781 0
1772 1782 0
1772 1783 0
1772 1784 0
1772 1785 0
1772 1786 0
1772 1787 0
1772 1788 0
1772 1789 0
1772 1790 0
1772 1791 0
1772 1792 0
1772 1793 0
1772 1794 0
1772 1795 0
1772 1796 0
1772 1797 0
1772 1798 0
1772 1799 0
1772 1800 0
1772 1801 0
1773 1647 0
1773 1648 0
1773 1649 0
1773 1650 0
1773 1651 0
1773 1656 0
1773 1658 0
1773 1659 0
1773 1660 0
1773 1661 0
1773 1662 0
1773 1663 0
1773 1664 0
1773 1665 0
1773 1666 0
1773 1667 0
1773 1669 0
1773 1670 0
1773 1671 0
1773 1672 0
1773 1673 0
1773 1674 0
1773 1675 0
1773 1676 0
1773 1677 0
1773 1678 0
1773 1679 0
1773 1680 0
1773 1681 0
1773 1682 0
1773 1683 0
1773 1684 0
1773 1685 0
1773 1686 0
1773 1687 0
1773 1688 0
1773 1689 0
1773 1693 0
1773 1694 0
1773 1695 0
1773 1696 0
1773 1697 0
1773 1698 0
1773 1699 0
1773 1700 0
1773 1701 0
1773 1702 0
1773 1703 0
1773 1704 0
1773 1705 0
1773 1706 0
1773 1707 0
1773 1708 0
1773 1709 0
1773 1710 0
1773 1711 0
1773 1712 0
1773 1713 0
1773 1714 0
1773 1715 0
1773 1716 0
1773 1717 0
1773 1718 0
1773 1719 0
1773 1720 0
1773 1721 0
1773 1722 0
1773 1723 0
1773 1724 0
1773 1725 0
1773 1726 0
1773 1727 0
1773 1728 0
1773 1729 0
1773 1730 0
1773 1731 0
1773 1732 0
1773 1733 0
1773 1736 0
1773 1737 0
1773 1738 0
1773 1739 0
1773 1740 0
1773 1741 0
1773 1742 0
1773 1743 0
1773 1744 0
1773 1745 0
1773 1746 0
1773 1747 0
1773 1748 0
1773 1749 0
1773 1750 0
1773 1751 0
1773 1752 0
1773 1753 0
1773 1754 0
1773 1755 0
1773 1765 0
1773 1766 0
1773 1767 0
1773 1768 0
1773 1769 0
1773 1770 0
1773 1771 0
1773 1772 0
1773 1773 0
1773 1774 0
1773 1775 0
1773 1776 0
1773 1777 0
1773 1778 0
1773 1779 0
1773 1780 0
1773 1781 0
1773 1782 0
1773 1783 0
1773 1784 0
1773 1785 0
1773 1786 0
1773 1787 0
1773 1788 0
1773 1789 0
1773 1790 0
1773 1791 0
1773 1792 0
1773 1793 0
1773 1794 0
1773 1795 0
1773 1796 0
1773 1797 0
1773 1798 0
1773 1799 0
1774 1645 0
1774 1646 0
1774 1647 0
1774 1648 0
1774 1649 0
1774 1650 0
1774 1651 0
1774 1652 0
1774 1653 0
1774 1655 0
1774 1656 0
1774 1657 0
1774 1658 0
1774 1659 0
1774 1660 0
1774 1661 0
1774 1662 0
1774 1663 0
1774 1664 0
1774 1665 0
1774 1666 0
1774 1667 0
1774 1671 0
1774 1672 0
1774 1673 0
1774 1674 0
1774 1675 0
1774 1676 0
1774 1677 0
1774 1678 0
1774 1679 0
1774 1680 0
1774 1681 0
1774 1682 0
1774 1683 0
1774 1693 0
1774 1694 0
1774 1695 0
1774 1696 0
1774 1697 0
1774 1698 0
1774 1699 0
1774 1700 0
1774 1701 0
1774 1702 0
1774 1703 0
1774 1704 0
1774 1705 0
1774 1706 0
1774 1707 0
1774 1708 0
1774 1709 0
1774 1710 0
1774 1711 0
1774 1712 0
1774 1713 0
1774 1714 0
1774 1715 0
1774 1716 0
1774 1717 0
1774 1718 0
1774 1719 0
1774 1720 0
1774 1721 0
1774 1722 0
1774 1723 0
1774 1724 0
1774 1725 0
1774 1726 0
1774 1727 0
1774 1728 0
1774 1729 0
1774 1730 0
1774 1731 0
1774 1732 0
1774 1733 0
1774 1734 0
1774 1736 0
1774 1737 0
1774 1738 0
1774 1739 0
1774 1740 0
1774 1741 0
1774 1742 0
1774 1743 0
1774 1744 0
1774 1745 0
1774 1746 0
1774 1747 0
1774 1748 0
1774 1749 0
1774 1750 0
1774 1751 0
1774 1768 0
1774 1769 0
1774 1770 0
1774 1771 0
1774 1772 0
1774 1773 0
1774 1774 0
1774 1775 0
1774 1776 0
1774 1777 0
1774 1778 0
1774 1779 0
1774 1780 0
1774 1781 0
1774 1782 0
1774 1783 0
1774 1784 0
1774 1785 0
1774 1786 0
1774 1787 0
1774 1788 0
1774 1789 0
1774 1790 0
1774 1791 0
1774 1792 0
1774 1793 0
1774 1794 0
1774 1795 0
1774 1796 0
1774 1797 0
1774 1798 0
1775 1644 0
1775 1645 0
1775 1646 0
1775 1647 0
1775 1648 0
1775 1649 0
1775 1650 0
1775 1651 0
1775 1652 0
1775 1653 0
1775 1654 0
1775 1655 0
1775 1656 0
1775 1657 0
1775 1658 0
1775 1659 0
1775 1660 0
1775 1661 0
1775 1662 0
1775 1663 0
1775 1664 0
1775 1665 0
1775 1666 0
1775 1667 0
1775 1673 0
1775 1674 0
1775 1675 0
1775 1676 0
1775 1677 0
1775 1678 0
1775 1679 0
1775 1680 0
1775 1681 0
1775 1682 0
1775 1683 0
1775 1693 0
1775 1694 0
1775 1695 0
1775 1696 0
1775 1697 0
1775 1698 0
1775 1699 0
1775 1700 0
1775 1701 0
1775 1702 0
1775 1703 0
1775 1704 0
1775 1705 0
1775 1706 0
1775 1707 0
1775 1708 0
1775 1709 0
1775 1710 0
1775 1711 0
1775 1712 0
1775 1713 0
1775 1714 0
1775 1715 0
1775 1716 0
1775 1717 0
1775 1718 0
1775 1719 0
1775 1720 0
1775 1721 0
1775 1722 0
1775 1723 0
1775 1724 0
1775 1725 0
1775 1726 0
1775 1727 0
1775 1728 0
1775 1729 0
1775 1730 0
1775 1731 0
1775 1732 0
1775 1733 0
1775 1734 0
1775 1735 0
1775 1736 0
1775 1737 0
1775 1738 0
1775 1739 0
1775 1740 0
1775 1741 0
1775 1742 0
1775 1743 0
1775 1769 0
1775 1770 0
1775 1771 0
1775 1772 0
1775 1773 0
1775 1774 0
1775 1775 0
1775 1776 0
1775 1777 0
1775 1778 0
1775 1779 0
1775 1780 0
1775 1781 0
1775 1782 0
1775 1783 0
1775 1784 0
1775 1785 0
1775 1794 0
1775 1795 0
1775 1796 0
1776 1643 0
1776 1644 0
1776 1645 0
1776 1646 0
1776 1647 0
1776 1648 0
1776 1649 0
1776 1650 0
1776 1651 0
1776 1652 0
1776 1653 0
1776 1654 0
1776 1655 0
1776 1656 0
1776 1657 0
1776 1658 0
1776 1659 0
1776 1660 0
1776 1661 0
1776 1662 0
1776 1663 0
1776 1664 0
1776 1665 0
1776 1666 0
1776 1667 0
1776 1673 0
1776 1674 0
1776 1675 0
1776 1676 0
1776 1677 0
1776 1678 0
1776 1679 0
1776 1680 0
1776 1681 0
1776 1682 0
1776 1693 0
1776 1694 0
1776 1695 0
1776 1696 0
1776 1697 0
1776 1698 0
1776 1699 0
1776 1700 0
1776 1701 0
1776 1702 0
1776 1703 0
1776 1704 0
1776 1705 0
1776 1706 0
1776 1707 0
1776 1708 0
1776 1709 0
1776 1710 0
1776 1711 0
1776 1712 0
1776 1713 0
1776 1714 0
1776 1715 0
1776 1716 0
1776 1717 0
1776 1718 0
1776 1719 0
1776 1720 0
1776 1721 0
1776 1722 0
1776 1723 0
1776 1724 0
1776 1725 0
1776 1726 0
1776 1727 0
1776 1728 0
1776 1729 0
1776 1730 0
1776 1731 0
1776 1732 0
1776 1733 0
1776 1734 0
1776 1735 0
1776 1736 0
1776 1737 0
1776 1738 0
1776 1739 0
1776 1740 0
1776 1741 0
1776 1742 0
1776 1743 0
1776 1771 0
1776 1772 0
1777 1643 0
1777 1644 0
1777 1645 0
1777 1646 0
1777 1647 0
1777 1648 0
1777 1649 0
1777 1650 0
1777 1651 0
1777 1652 0
1777 1653 0
1777 1654 0
1777 1655 0
1777 1656 0
1777 1657 0
1777 1658 0
1777 1659 0
1777 1660 0
1777 1661 0
1777 1662 0
1777 1663 0
1777 1664 0
1777 1665 0
1777 1666 0
1777 1673 0
1777 1674 0
1777 1675 0
1777 1676 0
1777 1677 0
1777 1678 0
1777 1679 0
1777 1680 0
1777 1681 0
1777 1693 0
1777 1694 0
1777 1695 0
1777 1696 0
1777 1697 0
1777 1698 0
1777 1699 0
1777 1700 0
1777 1701 0
1777 1702 0
1777 1703 0
1777 1704 0
1777 1705 0
1777 1706 0
1777 1707 0
1777 1708 0
1777 1714 0
1777 1715 0
1777 1716 0
1777 1717 0
1777 1718 0
1777 1719 0
1777 1720 0
1777 1721 0
1777 1722 0
1777 1723 0
1777 1724 0
1777 1725 0
1777 1726 0
1777 1727 0
1777 1728 0
1777 1729 0
1777 1730 0
1777 1731 0
1777 1732 0
1777 1733 0
1777 1734 0
1777 1735 0
1777 1736 0
1777 1737 0
1777 1738 0
1777 1739 0
1777 1740 0
1777 1741 0
1777 1742 0
1778 1642 0
1778 1643 0
1778 1644 0
1778 1645 0
1778 1646 0
1778 1647 0
1778 1648 0
1778 1649 0
1778 1650 0
1778 1651 0
1778 1652 0
1778 1653 0
1778 1654 0
1778 1655 0
1778 1656 0
1778 1657 0
1778 1658 0
1778 1659 0
1778 1660 0
1778 1661 0
1778 1662 0
1778 1663 0
1778 1664 0
1778 1665 0
1778 1674 0
1778 1675 0
1778 1676 0
1778 1677 0
1778 1678 0
1778 1679 0
1778 1680 0
1778 1681 0
1778 1693 0
1778 1694 0
1778 1695 0
1778 1696 0
1778 1697 0
1778 1698 0
1778 1699 0
1778 1700 0
1778 1701 0
1778 1702 0
1778 1703 0
1778 1723 0
1778 1724 0
1778 1725 0
1778 1726 0
1778 1727 0
1778 1728 0
1778 1729 0
1778 1730 0
1778 1731 0
1778 1732 0
1778 1733 0
1778 1734 0
1778 1735 0
1778 1736 0
1778 1737 0
1778 1738 0
1778 1739 0
1778 1740 0
1778 1741 0
1778 1742 0
1779 1642 0
1779 1643 0
1779 1644 0
1779 1645 0
1779 1646 0
1779 1647 0
1779 1648 0
1779 1649 0
1779 1650 0
1779 1651 0
1779 1652 0
1779 1653 0
1779 1654 0
1779 1655 0
1779 1656 0
1779 1657 0
1779 1658 0
1779 1659 0
1779 1660 0
1779 1661 0
1779 1662 0
1779 1663 0
1779 1664 0
1779 1665 0
1779 1673 0
1779 1674 0
1779 1675 0
1779 1676 0
1779 1677 0
1779 1678 0
1779 1679 0
1779 1680 0
1779 1681 0
1779 1693 0
1779 1694 0
1779 1695 0
1779 1696 0
1779 1697 0
1779 1698 0
1779 1699 0
1779 1700 0
1779 1701 0
1779 1702 0
1779 1727 0
1779 1728 0
1779 1729 0
1779 1730 0
1779 1731 0
1779 1732 0
1779 1733 0
1779 1734 0
1779 1735 0
1779 1736 0
1779 1737 0
1779 1738 0
1779 1739 0
1779 1740 0
1779 1741 0
1779 1742 0
1780 1641 0
1780 1642 0
1780 1643 0
1780 1644 0
1780 1645 0
1780 1646 0
1780 1647 0
1780 1648 0
1780 1649 0
1780 1650 0
1780 1651 0
1780 1652 0
1780 1653 0
1780 1654 0
1780 1655 0
1780 1656 0
1780 1657 0
1780 1658 0
1780 1659 0
1780 1660 0
1780 1661 0
1780 1662 0
1780 1663 0
1780 1664 0
1780 1665 0
1780 1672 0
1780 1673 0
1780 1674 0
1780 1675 0
1780 1676 0
1780 1677 0
1780 1678 0
1780 1679 0
1780 1680 0
1780 1681 0
1780 1694 0
1780 1695 0
1780 1696 0
1780 1697 0
1780 1698 0
1780 1699 0
1780 1700 0
1780 1701 0
1780 1728 0
1780 1729 0
1780 1730 0
1780 1731 0
1780 1732 0
1780 1733 0
1780 1734 0
1780 1735 0
1780 1736 0
1780 1737 0
1780 1738 0
1780 1739 0
1780 1740 0
1780 1741 0
1780 1742 0
1781 1641 0
1781 1642 0
1781 1643 0
1781 1644 0
1781 1645 0
1781 1646 0
1781 1647 0
1781 1648 0
1781 1649 0
1781 1650 0
1781 1651 0
1781 1652 0
1781 1653 0
1781 1654 0
1781 1655 0
1781 1656 0
1781 1657 0
1781 1658 0
1781 1659 0
1781 1660 0
1781 1661 0
1781 1662 0
1781 1663 0
1781 1671 0
1781 1672 0
1781 1673 0
1781 1674 0
1781 1675 0
1781 1676 0
1781 1677 0
1781 1678 0
1781 1679 0
1781 1680 0
1781 1681 0
1781 1695 0
1781 1696 0
1781 1697 0
1781 1698 0
1781 1699 0
1781 1700 0
1781 1729 0
1781 1730 0
1781 1731 0
1781 1732 0
1781 1733 0
1781 1734 0
1781 1735 0
1781 1736 0
1781 1737 0
1781 1738 0
1781 1739 0
1781 1740 0
1781 1741 0
1782 1641 0
1782 1642 0
1782 1643 0
1782 1644 0
1782 1645 0
1782 1646 0
1782 1647 0
1782 1648 0
1782 1649 0
1782 1650 0
1782 1651 0
1782 1652 0
1782 1653 0
1782 1654 0
1782 1655 0
1782 1656 0
1782 1657 0
1782 1658 0
1782 1659 0
1782 1660 0
1782 1661 0
1782 1671 0
1782 1672 0
1782 1673 0
1782 1674 0
1782 1675 0
1782 1676 0
1782 1677 0
1782 1678 0
1782 1679 0
1782 1680 0
1782 1697 0
1782 1698 0
1782 1731 0
1782 1732 0
1782 1733 0
1782 1734 0
1782 1735 0
1782 1736 0
1782 1737 0
1782 1738 0
1782 1739 0
1782 1740 0
1782 1741 0
1783 1641 0
1783 1642 0
1783 1643 0
1783 1644 0
1783 1645 0
1783 1646 0
1783 1647 0
1783 1648 0
1783 1649 0
1783 1650 0
1783 1651 0
1783 1652 0
1783 1653 0
1783 1654 0
1783 1655 0
1783 1656 0
1783 1657 0
1783 1658 0
1783 1659 0
1783 1660 0
1783 1661 0
1783 1670 0
1783 1671 0
1783 1672 0
1783 1673 0
1783 1674 0
1783 1675 0
1783 1676 0
1783 1677 0
1783 1678 0
1783 1679 0
1783 1732 0
1783 1733 0
1783 1734 0
1783 1735 0
1783 1736 0
1783 1737 0
1783 1738 0
1783 1739 0
1783 1740 0
1783 1741 0
1783 1742 0
1784 1641 0
1784 1642 0
1784 1643 0
1784 1644 0
1784 1645 0
1784 1646 0
1784 1647 0
1784 1648 0
1784 1649 0
1784 1650 0
1784 1651 0
1784 1652 0
1784 1653 0
1784 1654 0
1784 1655 0
1784 1656 0
1784 1657 0
1784 1658 0
1784 1659 0
1784 1660 0
1784 1670 0
1784 1671 0
1784 1672 0
1784 1673 0
1784 1674 0
1784 1675 0
1784 1676 0
1784 1677 0
1784 1678 0
1784 1679 0
1784 1733 0
1784 1734 0
1784 1735 0
1784 1736 0
1784 1737 0
1784 1738 0
1784 1739 0
1784 1740 0
1784 1741 0
1784 1742 0
1785 1641 0
1785 1642 0
1785 1643 0
1785 1644 0
1785 1645 0
1785 1646 0
1785 1647 0
1785 1648 0
1785 1649 0
1785 1650 0
1785 1651 0
1785 1652 0
1785 1653 0
1785 1654 0
1785 1655 0
1785 1656 0
1785 1657 0
1785 1658 0
1785 1659 0
1785 1669 0
1785 1670 0
1785 1671 0
1785 1672 0
1785 1673 0
1785 1674 0
1785 1675 0
1785 1676 0
1785 1677 0
1785 1678 0
1785 1733 0
1785 1734 0
1785 1735 0
1785 1736 0
1785 1737 0
1785 1738 0
1785 1739 0
1785 1740 0
1785 1741 0
1785 1742 0
1785 1743 0
1786 1641 0
1786 1642 0
1786 1643 0
1786 1644 0
1786 1645 0
1786 1646 0
1786 1647 0
1786 1648 0
1786 1649 0
1786 1650 0
1786 1651 0
1786 1652 0
1786 1653 0
1786 1654 0
1786 1655 0
1786 1668 0
1786 1669 0
1786 1670 0
1786 1671 0
1786 1672 0
1786 1673 0
1786 1674 0
1786 1675 0
1786 1676 0
1786 1677 0
1786 1733 0
1786 1734 0
1786 1735 0
1786 1736 0
1786 1737 0
1786 1738 0
1786 1739 0
1786 1740 0
1786 1741 0
1786 1742 0
1786 1743 0
1786 1744 0
1787 1642 0
1787 1643 0
1787 1644 0
1787 1645 0
1787 1646 0
1787 1647 0
1787 1648 0
1787 1649 0
1787 1650 0
1787 1651 0
1787 1652 0
1787 1653 0
1787 1654 0
1787 1667 0
1787 1668 0
1787 1669 0
1787 1670 0
1787 1671 0
1787 1672 0
1787 1673 0
1787 1674 0
1787 1675 0
1787 1676 0
1787 1677 0
1787 1734 0
1787 1735 0
1787 1736 0
1787 1737 0
1787 1738 0
1787 1739 0
1787 1740 0
1787 1741 0
1787 1742 0
1787 1743 0
1787 1744 0
1787 1745 0
1787 1746 0
1787 1799 0
1787 1800 0
1787 1801 0
1787 1802 0
1788 1642 0
1788 1643 0
1788 1644 0
1788 1645 0
1788 1646 0
1788 1647 0
1788 1648 0
1788 1649 0
1788 1650 0
1788 1651 0
1788 1652 0
1788 1667 0
1788 1668 0
1788 1669 0
1788 1670 0
1788 1671 0
1788 1672 0
1788 1673 0
1788 1674 0
1788 1675 0
1788 1676 0
1788 1734 0
1788 1735 0
1788 1736 0
1788 1737 0
1788 1738 0
1788 1739 0
1788 1740 0
1788 1741 0
1788 1742 0
1788 1743 0
1788 1744 0
1788 1745 0
1788 1746 0
1788 1747 0
1788 1748 0
1788 1749 0
1788 1797 0
1788 1798 0
1788 1799 0
1788 1800 0
1788 1801 0
1788 1802 0
1788 1803 0
1789 1642 0
1789 1643 0
1789 1644 0
1789 1645 0
1789 1646 0
1789 1647 0
1789 1648 0
1789 1649 0
1789 1650 0
1789 1651 0
1789 1652 0
1789 1653 0
1789 1666 0
1789 1667 0
1789 1668 0
1789 1669 0
1789 1670 0
1789 1671 0
1789 1672 0
1789 1673 0
1789 1674 0
1789 1675 0
1789 1735 0
1789 1736 0
1789 1737 0
1789 1738 0
1789 1739 0
1789 1740 0
1789 1741 0
1789 1742 0
1789 1743 0
1789 1744 0
1789 1745 0
1789 1746 0
1789 1747 0
1789 1748 0
1789 1749 0
1789 1750 0
1789 1751 0
1789 1752 0
1789 1753 0
1789 1797 0
1789 1798 0
1789 1799 0
1789 1800 0
1789 1801 0
1789 1802 0
1789 1803 0
1789 1804 0
1790 1643 0
1790 1644 0
1790 1645 0
1790 1646 0
1790 1647 0
1790 1648 0
1790 1649 0
1790 1650 0
1790 1651 0
1790 1652 0
1790 1653 0
1790 1654 0
1790 1665 0
1790 1666 0
1790 1667 0
1790 1668 0
1790 1669 0
1790 1670 0
1790 1671 0
1790 1672 0
1790 1673 0
1790 1674 0
1790 1675 0
1790 1737 0
1790 1738 0
1790 1739 0
1790 1740 0
1790 1741 0
1790 1742 0
1790 1743 0
1790 1744 0
1790 1745 0
1790 1746 0
1790 1747 0
1790 1748 0
1790 1749 0
1790 1750 0
1790 1751 0
1790 1752 0
1790 1753 0
1790 1754 0
1790 1755 0
1790 1756 0
1790 1797 0
1790 1798 0
1790 1799 0
1790 1800 0
1790 1801 0
1790 1802 0
1790 1803 0
1790 1804 0
1791 1644 0
1791 1645 0
1791 1646 0
1791 1647 0
1791 1648 0
1791 1649 0
1791 1650 0
1791 1651 0
1791 1652 0
1791 1653 0
1791 1654 0
1791 1655 0
1791 1664 0
1791 1665 0
1791 1666 0
1791 1667 0
1791 1668 0
1791 1669 0
1791 1670 0
1791 1671 0
1791 1672 0
1791 1673 0
1791 1674 0
1791 1738 0
1791 1739 0
1791 1740 0
1791 1741 0
1791 1742 0
1791 1743 0
1791 1744 0
1791 1745 0
1791 1746 0
1791 1747 0
1791 1748 0
1791 1749 0
1791 1750 0
1791 1751 0
1791 1752 0
1791 1753 0
1791 1754 0
1791 1755 0
1791 1756 0
1791 1757 0
1791 1758 0
1791 1759 0
1791 1760 0
1791 1797 0
1791 1798 0
1791 1799 0
1791 1800 0
1791 1801 0
1791 1802 0
1791 1803 0
1791 1804 0
1792 1644 0
1792 1645 0
1792 1646 0
1792 1647 0
1792 1648 0
1792 1649 0
1792 1650 0
1792 1651 0
1792 1652 0
1792 1653 0
1792 1654 0
1792 1655 0
1792 1656 0
1792 1664 0
1792 1665 0
1792 1666 0
1792 1667 0
1792 1668 0
1792 1669 0
1792 1670 0
1792 1671 0
1792 1672 0
1792 1673 0
1792 1738 0
1792 1739 0
1792 1740 0
1792 1741 0
1792 1742 0
1792 1743 0
1792 1744 0
1792 1745 0
1792 1746 0
1792 1747 0
1792 1748 0
1792 1749 0
1792 1750 0
1792 1751 0
1792 1752 0
1792 1753 0
1792 1754 0
1792 1755 0
1792 1756 0
1792 1757 0
1792 1758 0
1792 1759 0
1792 1760 0
1792 1761 0
1792 1762 0
1792 1763 0
1792 1764 0
1792 1797 0
1792 1798 0
1792 1799 0
1792 1800 0
1792 1801 0
1792 1802 0
1792 1803 0
1792 1804 0
1793 1645 0
1793 1646 0
1793 1647 0
1793 1648 0
1793 1649 0
1793 1650 0
1793 1651 0
1793 1652 0
1793 1653 0
1793 1654 0
1793 1655 0
1793 1656 0
1793 1663 0
1793 1664 0
1793 1665 0
1793 1666 0
1793 1667 0
1793 1668 0
1793 1669 0
1793 1670 0
1793 1671 0
1793 1672 0
1793 1739 0
1793 1740 0
1793 1741 0
1793 1742 0
1793 1743 0
1793 1744 0
1793 1745 0
1793 1746 0
1793 1747 0
1793 1748 0
1793 1749 0
1793 1750 0
1793 1751 0
1793 1752 0
1793 1753 0
1793 1754 0
1793 1755 0
1793 1756 0
1793 1757 0
1793 1758 0
1793 1759 0
1793 1760 0
1793 1761 0
1793 1762 0
1793 1763 0
1793 1764 0
1793 1765 0
1793 1766 0
1793 1767 0
1793 1768 0
1793 1769 0
1793 1770 0
1793 1797 0
1793 1798 0
1793 1799 0
1793 1800 0
1793 1801 0
1793 1802 0
1793 1803 0
1793 1804 0
1794 1647 0
1794 1648 0
1794 1649 0
1794 1650 0
1794 1651 0
1794 1652 0
1794 1653 0
1794 1654 0
1794 1655 0
1794 1656 0
1794 1657 0
1794 1663 0
1794 1664 0
1794 1665 0
1794 1666 0
1794 1667 0
1794 1668 0
1794 1669 0
1794 1670 0
1794 1671 0
1794 1739 0
1794 1740 0
1794 1741 0
1794 1742 0
1794 1743 0
1794 1744 0
1794 1745 0
1794 1746 0
1794 1747 0
1794 1748 0
1794 1749 0
1794 1750 0
1794 1751 0
1794 1752 0
1794 1753 0
1794 1754 0
1794 1755 0
1794 1756 0
1794 1757 0
1794 1758 0
1794 1759 0
1794 1760 0
1794 1761 0
1794 1762 0
1794 1763 0
1794 1764 0
1794 1765 0
1794 1766 0
1794 1767 0
1794 1768 0
1794 1769 0
1794 1770 0
1794 1797 0
1794 1798 0
1794 1799 0
1794 1800 0
1794 1801 0
1794 1802 0
1794 1803 0
1794 1804 0
1795 1648 0
1795 1649 0
1795 1650 0
1795 1651 0
1795 1652 0
1795 1653 0
1795 1654 0
1795 1655 0
1795 1656 0
1795 1657 0
1795 1658 0
1795 1662 0
1795 1663 0
1795 1664 0
1795 1665 0
1795 1666 0
1795 1667 0
1795 1668 0
1795 1669 0
1795 1670 0
1795 1671 0
1795 1740 0
1795 1741 0
1795 1742 0
1795 1743 0
1795 1744 0
1795 1745 0
1795 1746 0
1795 1747 0
1795 1748 0
1795 1749 0
1795 1750 0
1795 1751 0
1795 1752 0
1795 1753 0
1795 1754 0
1795 1755 0
1795 1756 0
1795 1757 0
1795 1758 0
1795 1759 0
1795 1760 0
1795 1761 0
1795 1762 0
1795 1763 0
1795 1764 0
1795 1765 0
1795 1766 0
1795 1767 0
1795 1768 0
1795 1769 0
1795 1770 0
1795 1771 0
1795 1772 0
1795 1773 0
1795 1774 0
1795 1775 0
1795 1776 0
1795 1797 0
1795 1798 0
1795 1799 0
1795 1800 0
1795 1801 0
1795 1802 0
1795 1803 0
1795 1804 0
1796 1649 0
1796 1650 0
1796 1651 0
1796 1652 0
1796 1653 0
1796 1654 0
1796 1655 0
1796 1656 0
1796 1657 0
1796 1658 0
1796 1659 0
1796 1661 0
1796 1662 0
1796 1663 0
1796 1664 0
1796 1665 0
1796 1666 0
1796 1667 0
1796 1668 0
1796 1669 0
1796 1670 0
1796 1740 0
1796 1741 0
1796 1742 0
1796 1743 0
1796 1744 0
1796 1745 0
1796 1746 0
1796 1747 0
1796 1748 0
1796 1749 0
1796 1750 0
1796 1751 0
1796 1752 0
1796 1753 0
1796 1754 0
1796 1755 0
1796 1756 0
1796 1757 0
1796 1758 0
1796 1759 0
1796 1760 0
1796 1761 0
1796 1762 0
1796 1763 0
1796 1764 0
1796 1765 0
1796 1766 0
1796 1767 0
1796 1768 0
1796 1769 0
1796 1770 0
1796 1771 0
1796 1772 0
1796 1773 0
1796 1774 0
1796 1775 0
1796 1776 0
1796 1777 0
1796 1778 0
1796 1779 0
1796 1780 0
1796 1781 0
1796 1782 0
1796 1783 0
1796 1784 0
1796 1785 0
1796 1786 0
1796 1787 0
1796 1788 0
1796 1789 0
1796 1790 0
1796 1791 0
1796 1792 0
1796 1793 0
1796 1794 0
1796 1795 0
1796 1796 0
1796 1797 0
1796 1798 0
1796 1799 0
1796 1800 0
1796 1801 0
1796 1802 0
1796 1803 0
1796 1804 0
1797 1650 0
1797 1651 0
1797 1652 0
1797 1653 0
1797 1654 0
1797 1655 0
1797 1656 0
1797 1657 0
1797 1658 0
1797 1659 0
1797 1660 0
1797 1661 0
1797 1662 0
1797 1663 0
1797 1664 0
1797 1665 0
1797 1666 0
1797 1667 0
1797 1668 0
1797 1669 0
1797 1670 0
1797 1740 0
1797 1741 0
1797 1742 0
1797 1743 0
1797 1744 0
1797 1745 0
1797 1746 0
1797 1747 0
1797 1748 0
1797 1749 0
1797 1750 0
1797 1751 0
1797 1752 0
1797 1753 0
1797 1754 0
1797 1755 0
1797 1756 0
1797 1757 0
1797 1758 0
1797 1759 0
1797 1760 0
1797 1761 0
1797 1762 0
1797 1763 0
1797 1764 0
1797 1765 0
1797 1766 0
1797 1767 0
1797 1768 0
1797 1769 0
1797 1770 0
1797 1771 0
1797 1772 0
1797 1773 0
1797 1774 0
1797 1775 0
1797 1776 0
1797 1777 0
1797 1778 0
1797 1779 0
1797 1780 0
1797 1781 0
1797 1782 0
1797 1783 0
1797 1784 0
1797 1785 0
1797 1786 0
1797 1787 0
1797 1788 0
1797 1789 0
1797 1790 0
1797 1791 0
1797 1792 0
1797 1793 0
1797 1794 0
1797 1795 0
1797 1796 0
1797 1797 0
1797 1798 0
1797 1799 0
1797 1800 0
1797 1801 0
1797 1802 0
1797 1803 0
1797 1804 0
1798 1651 0
1798 1652 0
1798 1653 0
1798 1654 0
1798 1655 0
1798 1656 0
1798 1657 0
1798 1658 0
1798 1659 0
1798 1660 0
1798 1661 0
1798 1662 0
1798 1663 0
1798 1664 0
1798 1665 0
1798 1666 0
1798 1667 0
1798 1668 0
1798 1669 0
1798 1740 0
1798 1741 0
1798 1742 0
1798 1743 0
1798 1744 0
1798 1745 0
1798 1746 0
1798 1747 0
1798 1748 0
1798 1749 0
1798 1750 0
1798 1751 0
1798 1752 0
1798 1753 0
1798 1754 0
1798 1755 0
1798 1756 0
1798 1757 0
1798 1758 0
1798 1759 0
1798 1760 0
1798 1761 0
1798 1762 0
1798 1763 0
1798 1764 0
1798 1765 0
1798 1766 0
1798 1767 0
1798 1768 0
1798 1769 0
1798 1770 0
1798 1771 0
1798 1772 0
1798 1773 0
1798 1774 0
1798 1775 0
1798 1776 0
1798 1777 0
1798 1778 0
1798 1779 0
1798 1780 0
1798 1781 0
1798 1782 0
1798 1783 0
1798 1784 0
1798 1785 0
1798 1786 0
1798 1787 0
1798 1788 0
1798 1789 0
1798 1790 0
1798 1791 0
1798 1792 0
1798 1793 0
1798 1794 0
1798 1795 0
1798 1796 0
1798 1797 0
1798 1798 0
1798 1799 0
1798 1800 0
1798 1801 0
1798 1802 0
1798 1803 0
1798 1804 0
1799 1652 0
1799 1653 0
1799 1654 0
1799 1655 0
1799 1656 0
1799 1657 0
1799 1658 0
1799 1659 0
1799 1660 0
1799 1661 0
1799 1662 0
1799 1663 0
1799 1664 0
1799 1665 0
1799 1666 0
1799 1667 0
1799 1668 0
1799 1741 0
1799 1742 0
1799 1743 0
1799 1744 0
1799 1745 0
1799 1746 0
1799 1747 0
1799 1748 0
1799 1749 0
1799 1750 0
1799 1751 0
1799 1752 0
1799 1753 0
1799 1754 0
1799 1755 0
1799 1756 0
1799 1757 0
1799 1758 0
1799 1759 0
1799 1760 0
1799 1761 0
1799 1762 0
1799 1763 0
1799 1764 0
1799 1765 0
1799 1766 0
1799 1767 0
1799 1768 0
1799 1769 0
1799 1770 0
1799 1771 0
1799 1772 0
1799 1773 0
1799 1774 0
1799 1775 0
1799 1776 0
1799 1777 0
1799 1778 0
1799 1779 0
1799 1780 0
1799 1781 0
1799 1782 0
1799 1783 0
1799 1784 0
1799 1785 0
1799 1786 0
1799 1787 0
1799 1788 0
1799 1789 0
1799 1790 0
1799 1791 0
1799 1792 0
1799 1793 0
1799 1794 0
1799 1795 0
1799 1796 0
1799 1797 0
1799 1798 0
1799 1799 0
1799 1800 0
1799 1801 0
1799 1802 0
1799 1803 0
1799 1804 0
1800 1653 0
1800 1654 0
1800 1655 0
1800 1656 0
1800 1657 0
1800 1658 0
1800 1659 0
1800 1660 0
1800 1661 0
1800 1662 0
1800 1663 0
1800 1664 0
1800 1665 0
1800 1666 0
1800 1667 0
1800 1668 0
1800 1742 0
1800 1743 0
1800 1744 0
1800 1745 0
1800 1746 0
1800 1747 0
1800 1748 0
1800 1749 0
1800 1750 0
1800 1751 0
1800 1752 0
1800 1753 0
1800 1754 0
1800 1755 0
1800 1756 0
1800 1757 0
1800 1758 0
1800 1759 0
1800 1760 0
1800 1761 0
1800 1762 0
1800 1763 0
1800 1764 0
1800 1765 0
1800 1766 0
1800 1767 0
1800 1768 0
1800 1769 0
1800 1770 0
1800 1771 0
1800 1772 0
1800 1773 0
1800 1774 0
1800 1775 0
1800 1776 0
1800 1777 0
1800 1778 0
1800 1779 0
1800 1780 0
1800 1781 0
1800 1782 0
1800 1783 0
1800 1784 0
1800 1785 0
1800 1786 0
1800 1787 0
1800 1788 0
1800 1789 0
1800 1790 0
1800 1791 0
1800 1792 0
1800 1793 0
1800 1794 0
1800 1795 0
1800 1796 0
1800 1797 0
1800 1798 0
1800 1799 0
1800 1800 0
1800 1801 0
1800 1802 0
1800 1803 0
1800 1804 0
1801 1654 0
1801 1655 0
1801 1656 0
1801 1657 0
1801 1658 0
1801 1659 0
1801 1660 0
1801 1661 0
1801 1662 0
1801 1663 0
1801 1664 0
1801 1665 0
1801 1666 0
1801 1667 0
1801 1731 0
1801 1732 0
1801 1733 0
1801 1734 0
1801 1735 0
1801 1736 0
1801 1737 0
1801 1738 0
1801 1739 0
1801 1740 0
1801 1741 0
1801 1742 0
1801 1743 0
1801 1744 0
1801 1745 0
1801 1746 0
1801 1747 0
1801 1748 0
1801 1749 0
1801 1750 0
1801 1751 0
1801 1752 0
1801 1753 0
1801 1754 0
1801 1755 0
1801 1756 0
1801 1757 0
1801 1758 0
1801 1759 0
1801 1760 0
1801 1761 0
1801 1762 0
1801 1763 0
1801 1764 0
1801 1765 0
1801 1766 0
1801 1767 0
1801 1768 0
1801 1769 0
1801 1770 0
1801 1771 0
1801 1772 0
1801 1773 0
1801 1774 0
1801 1775 0
1801 1776 0
1801 1777 0
1801 1778 0
1801 1779 0
1801 1780 0
1801 1781 0
1801 1782 0
1801 1783 0
1801 1784 0
1801 1785 0
1801 1786 0
1801 1787 0
1801 1788 0
1801 1789 0
1801 1790 0
1801 1791 0
1801 1792 0
1801 1793 0
1801 1794 0
1801 1795 0
1801 1796 0
1801 1797 0
1801 1798 0
1801 1799 0
1801 1800 0
1801 1801 0
1801 1802 0
1801 1803 0
1801 1804 0
1802 1655 0
1802 1656 0
1802 1657 0
1802 1658 0
1802 1659 0
1802 1660 0
1802 1661 0
1802 1662 0
1802 1663 0
1802 1664 0
1802 1665 0
1802 1666 0
1802 1730 0
1802 1731 0
1802 1732 0
1802 1733 0
1802 1734 0
1802 1735 0
1802 1736 0
1802 1737 0
1802 1738 0
1802 1739 0
1802 1740 0
1802 1741 0
1802 1742 0
1802 1743 0
1802 1744 0
1802 1745 0
1802 1746 0
1802 1747 0
1802 1748 0
1802 1749 0
1802 1750 0
1802 1751 0
1802 1752 0
1802 1753 0
1802 1754 0
1802 1755 0
1802 1756 0
1802 1757 0
1802 1758 0
1802 1759 0
1802 1760 0
1802 1761 0
1802 1762 0
1802 1763 0
1802 1764 0
1802 1765 0
1802 1766 0
1802 1767 0
1802 1768 0
1802 1769 0
1802 1770 0
1802 1771 0
1802 1772 0
1802 1773 0
1802 1774 0
1802 1775 0
1802 1776 0
1802 1777 0
1802 1778 0
1802 1779 0
1802 1780 0
1802 1781 0
1802 1782 0
1802 1783 0
1802 1784 0
1802 1785 0
1802 1786 0
1802 1787 0
1802 1788 0
1802 1789 0
1802 1790 0
1802 1791 0
1802 1792 0
1802 1793 0
1802 1794 0
1802 1795 0
1802 1796 0
1802 1797 0
1802 1798 0
1802 1799 0
1802 1800 0
1802 1801 0
1802 1802 0
1802 1803 0
1803 1656 0
1803 1657 0
1803 1658 0
1803 1659 0
1803 1660 0
1803 1661 0
1803 1662 0
1803 1663 0
1803 1664 0
1803 1665 0
1803 1729 0
1803 1730 0
1803 1731 0
1803 1732 0
1803 1733 0
1803 1734 0
1803 1735 0
1803 1736 0
1803 1737 0
1803 1738 0
1803 1739 0
1803 1740 0
1803 1741 0
1803 1742 0
1803 1743 0
1803 1744 0
1803 1745 0
1803 1746 0
1803 1747 0
1803 1748 0
1803 1749 0
1803 1750 0
1803 1751 0
1803 1752 0
1803 1753 0
1803 1754 0
1803 1755 0
1803 1756 0
1803 1757 0
1803 1758 0
1803 1759 0
1803 1760 0
1803 1761 0
1803 1762 0
1803 1763 0
1803 1764 0
1803 1765 0
1803 1766 0
1803 1767 0
1803 1768 0
1803 1769 0
1803 1770 0
1803 1771 0
1803 1772 0
1803 1773 0
1803 1774 0
1803 1775 0
1803 1776 0
1803 1777 0
1803 1778 0
1803 1779 0
1803 1780 0
1803 1781 0
1803 1782 0
1803 1783 0
1803 1784 0
1803 1785 0
1803 1786 0
1803 1787 0
1803 1788 0
1803 1789 0
1803 1790 0
1803 1791 0
1803 1792 0
1803 1793 0
1803 1794 0
1803 1795 0
1803 1796 0
1803 1797 0
1803 1798 0
1803 1799 0
1803 1800 0
1803 1801 0
1803 1802 0
1803 1803 0
1804 1656 0
1804 1657 0
1804 1658 0
1804 1659 0
1804 1660 0
1804 1661 0
1804 1662 0
1804 1663 0
1804 1664 0
1804 1665 0
1804 1729 0
1804 1730 0
1804 1731 0
1804 1732 0
1804 1733 0
1804 1734 0
1804 1735 0
1804 1736 0
1804 1737 0
1804 1738 0
1804 1739 0
1804 1740 0
1804 1741 0
1804 1742 0
1804 1743 0
1804 1744 0
1804 1745 0
1804 1746 0
1804 1747 0
1804 1748 0
1804 1749 0
1804 1750 0
1804 1751 0
1804 1752 0
1804 1753 0
1804 1754 0
1804 1755 0
1804 1756 0
1804 1757 0
1804 1758 0
1804 1759 0
1804 1760 0
1804 1761 0
1804 1762 0
1804 1763 0
1804 1764 0
1804 1771 0
1804 1772 0
1804 1773 0
1804 1774 0
1804 1775 0
1804 1776 0
1804 1777 0
1804 1778 0
1804 1779 0
1804 1780 0
1804 1781 0
1804 1782 0
1804 1783 0
1804 1784 0
1804 1785 0
1804 1786 0
1804 1787 0
1804 1788 0
1804 1789 0
1804 1790 0
1804 1791 0
1804 1792 0
1804 1793 0
1804 1794 0
1804 1795 0
1804 1796 0
1804 1797 0
1804 1798 0
1804 1799 0
1804 1800 0
1805 1657 0
1805 1658 0
1805 1659 0
1805 1660 0
1805 1661 0
1805 1662 0
1805 1663 0
1805 1664 0
1805 1729 0
1805 1730 0
1805 1731 0
1805 1732 0
1805 1733 0
1805 1734 0
1805 1735 0
1805 1736 0
1805 1737 0
1805 1738 0
1805 1739 0
1805 1740 0
1805 1741 0
1805 1742 0
1805 1743 0
1805 1744 0
1805 1745 0
1805 1746 0
1805 1747 0
1805 1748 0
1805 1749 0
1805 1750 0
1805 1751 0
1805 1752 0
1805 1753 0
1805 1754 0
1805 1755 0
1805 1756 0
1805 1757 0
1805 1758 0
1805 1778 0
1805 1779 0
1805 1780 0
1805 1781 0
1805 1782 0
1805 1783 0
1805 1784 0
1805 1785 0
1805 1786 0
1805 1787 0
1805 1788 0
1805 1789 0
1805 1790 0
1805 1791 0
1805 1792 0
1805 1793 0
1805 1794 0
1805 1795 0
1805 1796 0
1805 1797 0
1805 1798 0
1806 1658 0
1806 1659 0
1806 1660 0
1806 1661 0
1806 1662 0
1806 1663 0
1806 1664 0
1806 1729 0
1806 1730 0
1806 1731 0
1806 1732 0
1806 1733 0
1806 1734 0
1806 1735 0
1806 1736 0
1806 1737 0
1806 1738 0
1806 1739 0
1806 1740 0
1806 1741 0
1806 1742 0
1806 1743 0
1806 1744 0
1806 1745 0
1806 1746 0
1806 1747 0
1806 1748 0
1806 1749 0
1806 1750 0
1806 1781 0
1806 1782 0
1806 1783 0
1806 1784 0
1806 1785 0
1806 1786 0
1806 1787 0
1806 1788 0
1806 1789 0
1806 1790 0
1806 1791 0
1806 1792 0
1806 1793 0
1806 1794 0
1806 1795 0
1806 1796 0
1806 1797 0
1806 1798 0
1807 1729 0
1807 1730 0
1807 1731 0
1807 1732 0
1807 1733 0
1807 1734 0
1807 1735 0
1807 1736 0
1807 1737 0
1807 1738 0
1807 1739 0
1807 1740 0
1807 1741 0
1807 1742 0
1807 1743 0
1807 1744 0
1807 1745 0
1807 1746 0
1807 1747 0
1807 1748 0
1807 1749 0
1807 1750 0
1807 1785 0
1807 1786 0
1807 1787 0
1807 1788 0
1807 1789 0
1807 1790 0
1807 1791 0
1807 1792 0
1807 1793 0
1807 1794 0
1807 1795 0
1807 1796 0
1807 1797 0
1807 1798 0
1807 1799 0
1808 1730 0
1808 1731 0
1808 1732 0
1808 1733 0
1808 1734 0
1808 1735 0
1808 1736 0
1808 1737 0
1808 1738 0
1808 1739 0
1808 1740 0
1808 1741 0
1808 1742 0
1808 1743 0
1808 1744 0
1808 1745 0
1808 1746 0
1808 1747 0
1808 1748 0
1808 1749 0
1808 1750 0
1808 1786 0
1808 1787 0
1808 1788 0
1808 1789 0
1808 1790 0
1808 1791 0
1808 1792 0
1808 1793 0
1808 1794 0
1808 1795 0
1808 1796 0
1808 1797 0
1808 1798 0
1808 1799 0
1809 1731 0
1809 1732 0
1809 1733 0
1809 1734 0
1809 1735 0
1809 1736 0
1809 1737 0
1809 1738 0
1809 1739 0
1809 1740 0
1809 1741 0
1809 1742 0
1809 1743 0
1809 1744 0
1809 1745 0
1809 1746 0
1809 1747 0
1809 1748 0
1809 1749 0
1809 1750 0
1809 1787 0
1809 1788 0
1809 1789 0
1809 1790 0
1809 1791 0
1809 1792 0
1809 1793 0
1809 1794 0
1809 1795 0
1809 1796 0
1809 1797 0
1809 1798 0
1809 1799 0
1810 1732 0
1810 1733 0
1810 1734 0
1810 1735 0
1810 1736 0
1810 1737 0
1810 1738 0
1810 1739 0
1810 1740 0
1810 1741 0
1810 1742 0
1810 1743 0
1810 1744 0
1810 1745 0
1810 1746 0
1810 1747 0
1810 1748 0
1810 1749 0
1810 1750 0
1810 1751 0
1810 1789 0
1810 1790 0
1810 1791 0
1810 1792 0
1810 1793 0
1810 1794 0
1810 1795 0
1810 1796 0
1810 1797 0
1810 1798 0
1810 1799 0
1811 1734 0
1811 1735 0
1811 1736 0
1811 1737 0
1811 1738 0
1811 1739 0
1811 1740 0
1811 1741 0
1811 1742 0
1811 1743 0
1811 1744 0
1811 1745 0
1811 1746 0
1811 1747 0
1811 1748 0
1811 1749 0
1811 1750 0
1811 1751 0
1811 1790 0
1811 1791 0
1811 1792 0
1811 1793 0
1811 1794 0
1811 1795 0
1811 1796 0
1811 1797 0
1811 1798 0
1811 1799 0
1812 1736 0
1812 1737 0
1812 1738 0
1812 1739 0
1812 1740 0
1812 1741 0
1812 1742 0
1812 1743 0
1812 1744 0
1812 1745 0
1812 1746 0
1812 1747 0
1812 1748 0
1812 1749 0
1812 1750 0
1812 1751 0
1812 1790 0
1812 1791 0
1812 1792 0
1812 1793 0
1812 1794 0
1812 1795 0
1812 1796 0
1812 1797 0
1812 1798 0
1812 1799 0
1813 1738 0
1813 1739 0
1813 1740 0
1813 1741 0
1813 1742 0
1813 1743 0
1813 1744 0
1813 1745 0
1813 1746 0
1813 1747 0
1813 1748 0
1813 1749 0
1813 1750 0
1813 1751 0
1813 1790 0
1813 1791 0
1813 1792 0
1813 1793 0
1813 1794 0
1813 1795 0
1813 1796 0
1813 1797 0
1813 1798 0
1813 1799 0
1814 1739 0
1814 1740 0
1814 1741 0
1814 1742 0
1814 1743 0
1814 1744 0
1814 1745 0
1814 1746 0
1814 1747 0
1814 1748 0
1814 1749 0
1814 1750 0
1814 1751 0
1814 1790 0
1814 1791 0
1814 1792 0
1814 1793 0
1814 1794 0
1814 1795 0
1814 1796 0
1814 1797 0
1814 1798 0
1815 1741 0
1815 1742 0
1815 1743 0
1815 1744 0
1815 1745 0
1815 1746 0
1815 1747 0
1815 1748 0
1815 1749 0
1815 1750 0
1815 1751 0
1815 1752 0
1815 1790 0
1815 1791 0
1815 1792 0
1815 1793 0
1815 1794 0
1815 1795 0
1815 1796 0
1815 1797 0
1815 1798 0
1816 1743 0
1816 1744 0
1816 1745 0
1816 1746 0
1816 1747 0
1816 1748 0
1816 1749 0
1816 1750 0
1816 1751 0
1816 1752 0
1816 1753 0
1816 1790 0
1816 1791 0
1816 1792 0
1816 1793 0
1816 1794 0
1816 1795 0
1816 1796 0
1816 1797 0
1816 1798 0
1817 1744 0
1817 1745 0
1817 1746 0
1817 1747 0
1817 1748 0
1817 1749 0
1817 1750 0
1817 1751 0
1817 1752 0
1817 1753 0
1817 1790 0
1817 1791 0
1817 1792 0
1817 1793 0
1817 1794 0
1817 1795 0
1817 1796 0
1817 1797 0
1817 1798 0
1818 1744 0
1818 1745 0
1818 1746 0
1818 1747 0
1818 1748 0
1818 1749 0
1818 1750 0
1818 1751 0
1818 1752 0
1818 1753 0
1818 1754 0
1818 1790 0
1818 1791 0
1818 1792 0
1818 1793 0
1818 1794 0
1818 1795 0
1818 1796 0
1818 1797 0
1818 1798 0
1819 1744 0
1819 1745 0
1819 1746 0
1819 1747 0
1819 1748 0
1819 1749 0
1819 1750 0
1819 1751 0
1819 1752 0
1819 1753 0
1819 1754 0
1819 1790 0
1819 1791 0
1819 1792 0
1819 1793 0
1819 1794 0
1819 1795 0
1819 1796 0
1819 1797 0
1820 1745 0
1820 1746 0
1820 1747 0
1820 1748 0
1820 1749 0
1820 1750 0
1820 1751 0
1820 1752 0
1820 1753 0
1820 1754 0
1820 1789 0
1820 1790 0
1820 1791 0
1820 1792 0
1820 1793 0
1820 1794 0
1820 1795 0
1820 1796 0
1820 1797 0
1821 1745 0
1821 1746 0
1821 1747 0
1821 1748 0
1821 1749 0
1821 1750 0
1821 1751 0
1821 1752 0
1821 1753 0
1821 1754 0
1821 1755 0
1821 1756 0
1821 1789 0
1821 1790 0
1821 1791 0
1821 1792 0
1821 1793 0
1821 1794 0
1821 1795 0
1821 1796 0
1821 1797 0
1822 1745 0
1822 1746 0
1822 1747 0
1822 1748 0
1822 1749 0
1822 1750 0
1822 1751 0
1822 1752 0
1822 1753 0
1822 1754 0
1822 1755 0
1822 1756 0
1822 1789 0
1822 1790 0
1822 1791 0
1822 1792 0
1822 1793 0
1822 1794 0
1822 1795 0
1822 1796 0
1822 1797 0
1823 1745 0
1823 1746 0
1823 1747 0
1823 1748 0
1823 1749 0
1823 1750 0
1823 1751 0
1823 1752 0
1823 1753 0
1823 1754 0
1823 1755 0
1823 1756 0
1823 1757 0
1823 1789 0
1823 1790 0
1823 1791 0
1823 1792 0
1823 1793 0
1823 1794 0
1823 1795 0
1823 1796 0
1824 1745 0
1824 1746 0
1824 1747 0
1824 1748 0
1824 1749 0
1824 1750 0
1824 1751 0
1824 1752 0
1824 1753 0
1824 1754 0
1824 1755 0
1824 1756 0
1824 1757 0
1824 1789 0
1824 1790 0
1824 1791 0
1824 1792 0
1824 1793 0
1824 1794 0
1824 1795 0
1824 1796 0
1825 1745 0
1825 1746 0
1825 1747 0
1825 1748 0
1825 1749 0
1825 1750 0
1825 1751 0
1825 1752 0
1825 1753 0
1825 1754 0
1825 1755 0
1825 1756 0
1825 1757 0
1825 1789 0
1825 1790 0
1825 1791 0
1825 1792 0
1825 1793 0
1825 1794 0
1825 1795 0
1825 1796 0
1826 1746 0
1826 1747 0
1826 1748 0
1826 1749 0
1826 1750 0
1826 1751 0
1826 1752 0
1826 1753 0
1826 1754 0
1826 1755 0
1826 1756 0
1826 1757 0
1826 1788 0
1826 1789 0
1826 1790 0
1826 1791 0
1826 1792 0
1826 1793 0
1826 1794 0
1826 1795 0
1826 1796 0
1827 1746 0
1827 1747 0
1827 1748 0
1827 1749 0
1827 1750 0
1827 1751 0
1827 1752 0
1827 1753 0
1827 1754 0
1827 1755 0
1827 1756 0
1827 1757 0
1827 1788 0
1827 1789 0
1827 1790 0
1827 1791 0
1827 1792 0
1827 1793 0
1827 1794 0
1827 1795 0
1827 1796 0
1828 1745 0
1828 1746 0
1828 1747 0
1828 1748 0
1828 1749 0
1828 1750 0
1828 1751 0
1828 1752 0
1828 1753 0
1828 1754 0
1828 1755 0
1828 1756 0
1828 1789 0
1828 1790 0
1828 1791 0
1828 1792 0
1828 1793 0
1828 1794 0
1828 1795 0
1829 1745 0
1829 1746 0
1829 1747 0
1829 1748 0
1829 1749 0
1829 1750 0
1829 1751 0
1829 1752 0
1829 1753 0
1829 1754 0
1829 1755 0
1829 1788 0
1829 1789 0
1829 1790 0
1829 1791 0
1829 1792 0
1829 1793 0
1829 1794 0
1830 1745 0
1830 1746 0
1830 1747 0
1830 1748 0
1830 1749 0
1830 1750 0
1830 1751 0
1830 1752 0
1830 1753 0
1830 1754 0
1830 1755 0
1830 1790 0
1830 1791 0
1830 1792 0
1831 1746 0
1831 1747 0
1831 1748 0
1831 1749 0
1831 1750 0
1831 1751 0
1831 1752 0
1831 1753 0
1832 1746 0
1832 1747 0
1832 1748 0
1832 1749 0
1832 1750 0
1832 1751 0
1832 1752 0
1833 1748 0
1833 1749 0
1833 1750 0
